Gene_id	Coverage	FPKM	TPM
NGJCOJPH_00001	135.661606	66.282158	71.856850
NGJCOJPH_00002	104.173447	50.897530	55.178295
NGJCOJPH_00003	4370.141113	2135.183105	2314.763916
NGJCOJPH_00004	44.805000	21.891027	23.732185
NGJCOJPH_00005	62.784832	30.675694	33.255692
NGJCOJPH_00006	72.667656	35.504288	38.490398
NGJCOJPH_00007	187.406021	91.563675	99.264687
NGJCOJPH_00008	126.812752	61.958740	67.169815
NGJCOJPH_00009	324.391693	158.492752	171.822861
NGJCOJPH_00010	204.892624	100.107353	108.526939
NGJCOJPH_00011	450.831085	220.269073	238.794922
NGJCOJPH_00012	192.935287	94.265182	102.193405
NGJCOJPH_00013	219.837845	107.409355	116.443077
NGJCOJPH_00014	278.131592	135.890793	147.319946
NGJCOJPH_00015	7688.345703	3756.406494	4072.341064
NGJCOJPH_00016	714.171082	348.932922	378.280090
NGJCOJPH_00017	690.268799	337.254608	365.619598
NGJCOJPH_00018	1357.679810	663.341309	719.132019
NGJCOJPH_00019	2306.992676	1127.160889	1221.961304
NGJCOJPH_00020	4272.864746	2087.655273	2263.238770
NGJCOJPH_00021	3455.717529	1688.409912	1830.414673
NGJCOJPH_00022	5544.828125	2709.116943	2936.968506
NGJCOJPH_00023	5608.762207	2740.354248	2970.833252
NGJCOJPH_00024	4417.384766	2158.265625	2339.787842
NGJCOJPH_00025	212.834015	103.987396	112.733315
NGJCOJPH_00026	6238.227539	3047.901123	3304.246582
NGJCOJPH_00027	9635.171875	4707.595703	5103.530762
NGJCOJPH_00028	8001.547852	3909.432129	4238.236816
NGJCOJPH_00029	10736.879883	5245.873047	5687.079590
NGJCOJPH_00030	11111.793945	5429.049805	5885.663086
NGJCOJPH_00031	187.294327	91.509094	99.205521
NGJCOJPH_00032	82.174522	40.149197	43.525967
NGJCOJPH_00033	130.715729	63.865677	69.237137
NGJCOJPH_00034	158.367950	77.376129	83.883888
NGJCOJPH_00035	765.709290	374.113678	405.578735
NGJCOJPH_00036	127.336143	62.214466	67.447044
NGJCOJPH_00037	177.814148	86.877228	94.184090
NGJCOJPH_00038	207.696503	101.477287	110.012085
NGJCOJPH_00039	180.650162	88.262863	95.686264
NGJCOJPH_00040	162.098953	79.199036	85.860115
NGJCOJPH_00041	264.218628	129.093124	139.950562
NGJCOJPH_00042	88.268867	43.126797	46.754002
NGJCOJPH_00043	113.075500	55.246937	59.893509
NGJCOJPH_00044	37.740574	18.439459	19.990318
NGJCOJPH_00045	111.481453	54.468109	59.049179
NGJCOJPH_00046	1002.443848	489.778503	530.971619
NGJCOJPH_00047	329.802368	161.136322	174.688782
NGJCOJPH_00048	89.013512	43.490620	47.148422
NGJCOJPH_00049	264.855591	129.404327	140.287949
NGJCOJPH_00050	85.199158	41.626987	45.128048
NGJCOJPH_00051	361.489502	176.618164	191.472733
NGJCOJPH_00052	159.021317	77.695351	84.229958
NGJCOJPH_00053	720.017578	351.789398	381.376862
NGJCOJPH_00054	109.608574	53.553047	58.057159
NGJCOJPH_00055	711.826233	347.787231	377.038086
NGJCOJPH_00056	103.871765	50.750134	55.018501
NGJCOJPH_00057	117.853767	57.581520	62.424446
NGJCOJPH_00058	150.823013	73.689781	79.887497
NGJCOJPH_00059	105.147629	51.373501	55.694298
NGJCOJPH_00060	330.307129	161.382950	174.956146
NGJCOJPH_00061	76.023735	37.144016	40.268036
NGJCOJPH_00062	232.601639	113.645546	123.203766
NGJCOJPH_00063	126.809952	61.957371	67.168335
NGJCOJPH_00064	82.834381	40.471596	43.875481
NGJCOJPH_00065	176.437912	86.204826	93.455124
NGJCOJPH_00066	85.602448	41.824028	45.341660
NGJCOJPH_00067	206.348618	100.818733	109.298149
NGJCOJPH_00068	122.253693	59.731255	64.754990
NGJCOJPH_00069	202.563370	98.969322	107.293190
NGJCOJPH_00070	63.039982	30.800358	33.390839
NGJCOJPH_00071	168.347809	82.252129	89.169983
NGJCOJPH_00072	130.692856	63.854504	69.225021
NGJCOJPH_00073	214.190353	104.650085	113.451736
NGJCOJPH_00074	360.526703	176.147751	190.962753
NGJCOJPH_00075	165.645493	80.931824	87.738632
NGJCOJPH_00076	260.893616	127.468575	138.189392
NGJCOJPH_00077	1562.693970	763.508057	827.723328
NGJCOJPH_00078	1684.916382	823.223999	892.461670
NGJCOJPH_00079	298.089996	145.642151	157.891449
NGJCOJPH_00080	519.561096	253.849487	275.199646
NGJCOJPH_00081	2395.864502	1170.582275	1269.034668
NGJCOJPH_00082	146.813736	71.730911	77.763878
NGJCOJPH_00083	522.792847	255.428482	276.911407
NGJCOJPH_00084	271.882721	132.837677	144.010071
NGJCOJPH_00085	404.650482	197.705948	214.334122
NGJCOJPH_00086	139.210770	68.016220	73.736763
NGJCOJPH_00087	110.932495	54.199894	58.758408
NGJCOJPH_00088	105.921875	51.751781	56.104393
NGJCOJPH_00089	162.639191	79.462982	86.146255
NGJCOJPH_00090	152.879440	74.694527	80.976746
NGJCOJPH_00091	188.166870	91.935410	99.667686
NGJCOJPH_00092	175.043198	85.523392	92.716385
NGJCOJPH_00093	253.372620	123.793930	134.205688
NGJCOJPH_00094	194.842270	95.196907	103.203499
NGJCOJPH_00095	172.476547	84.269363	91.356880
NGJCOJPH_00096	134.009125	65.474777	70.981575
NGJCOJPH_00097	100.177666	48.945251	53.061821
NGJCOJPH_00098	89.265602	43.613789	47.281948
NGJCOJPH_00099	30.558399	14.930359	16.186087
NGJCOJPH_00100	319.850952	156.274200	169.417740
NGJCOJPH_00101	111.679039	54.564644	59.153835
NGJCOJPH_00102	148.777496	72.690376	78.804047
NGJCOJPH_00103	198.878235	97.168816	105.341255
NGJCOJPH_00104	106.925987	52.242378	56.636250
NGJCOJPH_00105	73.812386	36.063587	39.096733
NGJCOJPH_00106	72.867279	35.601822	38.596134
NGJCOJPH_00107	149.084961	72.840599	78.966896
NGJCOJPH_00108	108.989700	53.250675	57.729355
NGJCOJPH_00109	67.303062	32.883232	35.648895
NGJCOJPH_00110	121.818886	59.518814	64.524681
NGJCOJPH_00111	68.966942	33.696178	36.530212
NGJCOJPH_00112	164.109665	80.181435	86.925140
NGJCOJPH_00113	384.124939	187.677490	203.462189
NGJCOJPH_00114	87.747276	42.871956	46.477730
NGJCOJPH_00115	142.865601	69.801910	75.672646
NGJCOJPH_00116	316.589874	154.680893	167.690430
NGJCOJPH_00117	512.243713	250.274338	271.323792
NGJCOJPH_00118	331.401886	161.917816	175.536011
NGJCOJPH_00119	132.880219	64.923210	70.383614
NGJCOJPH_00120	100.011696	48.864162	52.973911
NGJCOJPH_00121	236.156082	115.382195	125.086479
NGJCOJPH_00122	134.362961	65.647659	71.168991
NGJCOJPH_00123	243.618347	119.028145	129.039078
NGJCOJPH_00124	27.980078	13.670631	14.820408
NGJCOJPH_00125	74.408943	36.355057	39.412716
NGJCOJPH_00126	63.474396	31.012606	33.620937
NGJCOJPH_00127	47.398350	23.158098	25.105822
NGJCOJPH_00128	144.934631	70.812813	76.768555
NGJCOJPH_00129	91.268852	44.592545	48.343029
NGJCOJPH_00130	204.666367	99.996811	108.407097
NGJCOJPH_00131	235.969101	115.290840	124.987442
NGJCOJPH_00132	254.266571	124.230698	134.679199
NGJCOJPH_00133	84.975830	41.517872	45.009758
NGJCOJPH_00134	70.081200	34.240585	37.120411
NGJCOJPH_00135	221.975464	108.453766	117.575325
NGJCOJPH_00136	215.797760	105.435440	114.303139
NGJCOJPH_00137	60.292725	29.458088	31.935678
NGJCOJPH_00138	299.356750	146.261063	158.562424
NGJCOJPH_00139	204.257385	99.796982	108.190475
NGJCOJPH_00140	259.968475	127.016563	137.699356
NGJCOJPH_00141	152.978027	74.742691	81.028969
NGJCOJPH_00142	137.451614	67.156731	72.804977
NGJCOJPH_00143	239.042389	116.792404	126.615288
NGJCOJPH_00144	170.048462	83.083038	90.070786
NGJCOJPH_00145	46.789463	22.860605	24.783310
NGJCOJPH_00146	80.825752	39.490208	42.811554
NGJCOJPH_00147	90.352394	44.144779	47.857597
NGJCOJPH_00148	651.893860	318.505219	345.293304
NGJCOJPH_00149	208.412979	101.827347	110.391594
NGJCOJPH_00150	174.784836	85.397163	92.579529
NGJCOJPH_00151	72.233437	35.292137	38.260403
NGJCOJPH_00152	169.908447	83.014633	89.996620
NGJCOJPH_00153	115.256317	56.312450	61.048637
NGJCOJPH_00154	97.162575	47.472126	51.464794
NGJCOJPH_00155	98.094635	47.927517	51.958485
NGJCOJPH_00156	151.268723	73.907547	80.123581
NGJCOJPH_00157	128.387650	62.728214	68.004005
NGJCOJPH_00158	598.450806	292.393799	316.985718
NGJCOJPH_00159	346.539825	169.313980	183.554230
NGJCOJPH_00160	142.253571	69.502884	75.348465
NGJCOJPH_00161	179.333038	87.619339	94.988609
NGJCOJPH_00162	120.896080	59.067947	64.035889
NGJCOJPH_00163	45.082745	22.026728	23.879299
NGJCOJPH_00164	692.806519	338.494537	366.963776
NGJCOJPH_00165	62.121952	30.351822	32.904579
NGJCOJPH_00166	111.429482	54.442719	59.021648
NGJCOJPH_00167	10531.149414	5145.356445	5578.109375
NGJCOJPH_00168	1026.611084	501.586243	543.772400
NGJCOJPH_00169	231.016388	112.871017	122.364098
NGJCOJPH_00170	87.182144	42.595844	46.178391
NGJCOJPH_00171	219.709976	107.346886	116.375359
NGJCOJPH_00172	891.357788	435.503571	472.131836
NGJCOJPH_00173	3156.828369	1542.377441	1672.099854
NGJCOJPH_00174	2760.847900	1348.907471	1462.358032
NGJCOJPH_00175	3201.278809	1564.095215	1695.644165
NGJCOJPH_00176	988.251221	482.844208	523.454102
NGJCOJPH_00177	1517.647583	741.499023	803.863281
NGJCOJPH_00178	540.442993	264.052063	286.260315
NGJCOJPH_00179	201.178574	98.292732	106.559692
NGJCOJPH_00180	256.378784	125.262695	135.797989
NGJCOJPH_00181	229.318359	112.041389	121.464691
NGJCOJPH_00182	189.139618	92.410683	100.182930
NGJCOJPH_00183	172.840576	84.447227	91.549706
NGJCOJPH_00184	43.358650	21.184364	22.966087
NGJCOJPH_00185	151.138824	73.844086	80.054787
NGJCOJPH_00186	350.101959	171.054382	185.441010
NGJCOJPH_00187	278.190430	135.919525	147.351120
NGJCOJPH_00188	106.229912	51.902287	56.267555
NGJCOJPH_00189	86.033890	42.034824	45.570183
NGJCOJPH_00190	195.987564	95.756485	103.810135
NGJCOJPH_00191	296.357605	144.795715	156.973846
NGJCOJPH_00192	123.652046	60.414471	65.495667
NGJCOJPH_00193	126.322578	61.719254	66.910179
NGJCOJPH_00194	72.873314	35.604771	38.599327
NGJCOJPH_00195	115.978668	56.665375	61.431252
NGJCOJPH_00196	141.566513	69.167198	74.984543
NGJCOJPH_00197	84.372391	41.223042	44.690128
NGJCOJPH_00198	217.283524	106.161362	115.090118
NGJCOJPH_00199	729.466187	356.405853	386.381561
NGJCOJPH_00200	437.096100	213.558365	231.519806
NGJCOJPH_00201	87.321098	42.663734	46.251987
NGJCOJPH_00202	252.332748	123.285866	133.654892
NGJCOJPH_00203	740.780579	361.933899	392.374573
NGJCOJPH_00204	187.315628	91.519508	99.216812
NGJCOJPH_00205	86.261536	42.146049	45.690765
NGJCOJPH_00206	70.357452	34.375557	37.266735
NGJCOJPH_00207	119.837158	58.550575	63.475006
NGJCOJPH_00208	77.654785	37.940922	41.131966
NGJCOJPH_00209	128.838623	62.948551	68.242874
NGJCOJPH_00210	109.954773	53.722195	58.240532
NGJCOJPH_00211	254.348862	124.270912	134.722778
NGJCOJPH_00212	279.312469	136.467743	147.945435
NGJCOJPH_00213	396.009705	193.484192	209.757278
NGJCOJPH_00214	114.238419	55.815117	60.509480
NGJCOJPH_00215	58.422222	28.544191	30.944918
NGJCOJPH_00216	65.857330	32.176868	34.883125
NGJCOJPH_00217	85.471695	41.760147	45.272404
NGJCOJPH_00218	104.347870	50.982750	55.270683
NGJCOJPH_00219	88.954979	43.462021	47.117416
NGJCOJPH_00220	73.107094	35.718994	38.723160
NGJCOJPH_00221	334.464355	163.414093	177.158127
NGJCOJPH_00222	227.937683	111.366814	120.733383
NGJCOJPH_00223	539.235046	263.461884	285.620483
NGJCOJPH_00224	311.639099	152.262039	165.068115
NGJCOJPH_00225	215.389221	105.235832	114.086746
NGJCOJPH_00226	68.714806	33.572987	36.396664
NGJCOJPH_00227	30.920782	15.107414	16.378031
NGJCOJPH_00228	140.078156	68.440010	74.196198
NGJCOJPH_00229	286.249451	139.857040	151.619781
NGJCOJPH_00230	1184.716187	578.833923	627.517090
NGJCOJPH_00231	915.085449	447.096558	484.699860
NGJCOJPH_00232	944.749207	461.589813	500.412048
NGJCOJPH_00233	57.233734	27.963514	30.315401
NGJCOJPH_00234	111.742249	54.595528	59.187317
NGJCOJPH_00235	243.607315	119.022758	129.033218
NGJCOJPH_00236	126.713348	61.910175	67.117165
NGJCOJPH_00237	166.292664	81.248016	88.081421
NGJCOJPH_00238	94.240967	46.044674	49.917286
NGJCOJPH_00239	1634.421143	798.552795	865.715515
NGJCOJPH_00240	1512.519775	738.993652	801.147156
NGJCOJPH_00241	560.019470	273.616821	296.629517
NGJCOJPH_00242	140.283218	68.540199	74.304817
NGJCOJPH_00243	64.089874	31.313318	33.946941
NGJCOJPH_00244	133.105133	65.033104	70.502747
NGJCOJPH_00245	64.738518	31.630234	34.290512
NGJCOJPH_00246	72.029732	35.192608	38.152500
NGJCOJPH_00247	33.792946	16.510710	17.899349
NGJCOJPH_00248	340.943390	166.579651	180.589920
NGJCOJPH_00249	276.486328	135.086929	146.448486
NGJCOJPH_00250	1086.010376	530.607788	575.234863
NGJCOJPH_00251	112.790871	55.107868	59.742748
NGJCOJPH_00252	266.436005	130.176498	141.125061
NGJCOJPH_00253	62.961735	30.762125	33.349392
NGJCOJPH_00254	87.617302	42.808453	46.408882
NGJCOJPH_00255	244.551849	119.484238	129.533524
NGJCOJPH_00256	202.130661	98.757896	107.063988
NGJCOJPH_00257	191.450317	93.539650	101.406860
NGJCOJPH_00258	113.869095	55.634674	60.313858
NGJCOJPH_00259	226.121399	110.479408	119.771332
NGJCOJPH_00260	377.443207	184.412903	199.923035
NGJCOJPH_00261	308.792175	150.871063	163.560150
NGJCOJPH_00262	2650.285400	1294.888306	1403.795532
NGJCOJPH_00263	2416.072266	1180.455322	1279.738281
NGJCOJPH_00264	815.328064	398.356628	431.860657
NGJCOJPH_00265	420.272430	205.338593	222.608688
NGJCOJPH_00266	256.514374	125.328941	135.869797
NGJCOJPH_00267	143.724503	70.221558	76.127579
NGJCOJPH_00268	232.316528	113.506256	123.052757
NGJCOJPH_00269	94.805855	46.320667	50.216496
NGJCOJPH_00270	358.649536	175.230591	189.968460
NGJCOJPH_00271	156.291656	76.361679	82.784126
NGJCOJPH_00272	70.924026	34.652378	37.566833
NGJCOJPH_00273	68.762680	33.596378	36.422020
NGJCOJPH_00274	259.210297	126.646126	137.297775
NGJCOJPH_00275	358.578217	175.195755	189.930679
NGJCOJPH_00276	206.735321	101.007675	109.502975
NGJCOJPH_00277	28.515038	13.932005	15.103764
NGJCOJPH_00278	273.237793	133.499741	144.727814
NGJCOJPH_00279	188.551712	92.123436	99.871536
NGJCOJPH_00280	168.716934	82.432472	89.365501
NGJCOJPH_00281	94.957260	46.394642	50.296692
NGJCOJPH_00282	82.755920	40.433258	43.833920
NGJCOJPH_00283	46.033897	22.491447	24.383102
NGJCOJPH_00284	74.242729	36.273846	39.324677
NGJCOJPH_00285	161.927841	79.115433	85.769478
NGJCOJPH_00286	133.467865	65.210327	70.694878
NGJCOJPH_00287	81.022774	39.586468	42.915913
NGJCOJPH_00288	73.044052	35.688190	38.689766
NGJCOJPH_00289	72.739273	35.539280	38.528332
NGJCOJPH_00290	266.268890	130.094849	141.036545
NGJCOJPH_00291	150.429184	73.497368	79.678902
NGJCOJPH_00292	294.765198	144.017700	156.130386
NGJCOJPH_00293	2475.837646	1209.655884	1311.394653
NGJCOJPH_00294	191.747314	93.684761	101.564171
NGJCOJPH_00295	142.842117	69.790443	75.660202
NGJCOJPH_00296	727.578674	355.483673	385.381805
NGJCOJPH_00297	179.544022	87.722420	95.100365
NGJCOJPH_00298	103.307457	50.474422	54.719597
NGJCOJPH_00299	218.716858	106.861664	115.849327
NGJCOJPH_00300	210.333740	102.765800	111.408974
NGJCOJPH_00301	439.787323	214.873260	232.945297
NGJCOJPH_00302	2228.354004	1088.739136	1180.308228
NGJCOJPH_00303	542.447876	265.031616	287.322235
NGJCOJPH_00304	453.620514	221.631943	240.272415
NGJCOJPH_00305	848.876770	414.748016	449.630646
NGJCOJPH_00306	151.674408	74.105759	80.338463
NGJCOJPH_00307	78.701645	38.452400	41.686466
NGJCOJPH_00308	67.528389	32.993324	35.768246
NGJCOJPH_00309	65.479111	31.992077	34.682789
NGJCOJPH_00310	42.545212	20.786930	22.535227
NGJCOJPH_00311	193.350647	94.468124	102.413414
NGJCOJPH_00312	78.625130	38.415016	41.645935
NGJCOJPH_00313	199.054474	97.254929	105.434608
NGJCOJPH_00314	269.574127	131.709732	142.787247
NGJCOJPH_00315	190.523956	93.087044	100.916183
NGJCOJPH_00316	751.988342	367.409821	398.311035
NGJCOJPH_00317	2024.556519	989.166870	1072.361328
NGJCOJPH_00318	556.770081	272.029205	294.908417
NGJCOJPH_00319	110.333336	53.907158	58.441048
NGJCOJPH_00320	185.592148	90.677444	98.303917
NGJCOJPH_00321	225.992630	110.416489	119.703125
NGJCOJPH_00322	88.631554	43.304001	46.946106
NGJCOJPH_00323	34.466473	16.839783	18.256102
NGJCOJPH_00324	81.872398	40.001583	43.365940
NGJCOJPH_00325	233.885437	114.272797	123.883774
NGJCOJPH_00326	672.107178	328.381134	355.999817
NGJCOJPH_00327	357.561432	174.698975	189.392120
NGJCOJPH_00328	181.207382	88.535118	95.981407
NGJCOJPH_00329	107.225342	52.388638	56.794815
NGJCOJPH_00330	582.873230	284.782837	308.734619
NGJCOJPH_00331	452.244659	220.959732	239.543671
NGJCOJPH_00332	145.787277	71.229401	77.220192
NGJCOJPH_00333	105.762627	51.673977	56.020046
NGJCOJPH_00334	227.305099	111.057739	120.398315
NGJCOJPH_00335	14247.403320	6961.060547	7546.523926
NGJCOJPH_00336	4505.479004	2201.307129	2386.449463
NGJCOJPH_00337	351.124542	171.554001	185.982651
NGJCOJPH_00338	139.075378	67.950066	73.665047
NGJCOJPH_00339	126.487213	61.799690	66.997391
NGJCOJPH_00340	83.289192	40.693810	44.116383
NGJCOJPH_00341	539.180786	263.435364	285.591736
NGJCOJPH_00342	508.015778	248.208618	269.084351
NGJCOJPH_00343	232.745056	113.715622	123.279739
NGJCOJPH_00344	176.458984	86.215126	93.466293
NGJCOJPH_00345	133.485153	65.218773	70.704033
NGJCOJPH_00346	264.679718	129.318405	140.194794
NGJCOJPH_00347	303.485443	148.278275	160.749298
NGJCOJPH_00348	77.912346	38.066761	41.268387
NGJCOJPH_00349	110.954987	54.210884	58.770321
NGJCOJPH_00350	102.379387	50.020981	54.228020
NGJCOJPH_00351	127.721291	62.402641	67.651047
NGJCOJPH_00352	577.488220	282.151794	305.882294
NGJCOJPH_00353	239.962982	117.242188	127.102905
NGJCOJPH_00354	111.479607	54.467205	59.048203
NGJCOJPH_00355	145.414429	71.047234	77.022705
NGJCOJPH_00356	76.065254	37.164303	40.290028
NGJCOJPH_00357	122.357529	59.781990	64.809990
NGJCOJPH_00358	631.173645	308.381653	334.318237
NGJCOJPH_00359	112.114082	54.777199	59.384266
NGJCOJPH_00360	26.437284	12.916846	14.003225
NGJCOJPH_00361	119.224518	58.251247	63.150505
NGJCOJPH_00362	1551.694092	758.133606	821.896912
NGJCOJPH_00363	44.544998	21.763996	23.594469
NGJCOJPH_00364	63.299805	30.927303	33.528461
NGJCOJPH_00365	60.394344	29.507740	31.989504
NGJCOJPH_00366	346.240173	169.167587	183.395493
NGJCOJPH_00367	86.677727	42.349392	45.911213
NGJCOJPH_00368	421.736206	206.053772	223.384018
NGJCOJPH_00369	108.318848	52.922909	57.374020
NGJCOJPH_00370	193.194824	94.391991	102.330887
NGJCOJPH_00371	114.085472	55.740391	60.428467
NGJCOJPH_00372	29.330906	14.330625	15.535911
NGJCOJPH_00373	81.735992	39.934937	43.293686
NGJCOJPH_00374	194.456909	95.008629	102.999382
NGJCOJPH_00375	185.970123	90.862122	98.504128
NGJCOJPH_00376	175.769806	85.878403	93.101250
NGJCOJPH_00377	131.445389	64.222176	69.623619
NGJCOJPH_00378	545.602356	266.572845	288.993103
NGJCOJPH_00379	4109.096191	2007.640625	2176.494385
NGJCOJPH_00380	117.843369	57.576443	62.418938
NGJCOJPH_00381	89.023506	43.495502	47.153717
NGJCOJPH_00382	157.594604	76.998276	83.474266
NGJCOJPH_00383	139.177109	67.999779	73.718933
NGJCOJPH_00384	77.267143	37.751526	40.926640
NGJCOJPH_00385	114.924240	56.150200	60.872742
NGJCOJPH_00386	6112.892090	2986.664062	3237.859131
NGJCOJPH_00387	719.012939	351.298584	380.844727
NGJCOJPH_00388	251.938019	123.093002	133.445816
NGJCOJPH_00389	104.430496	51.023117	55.314445
NGJCOJPH_00390	312.288055	152.579102	165.411850
NGJCOJPH_00391	152.314606	74.418556	80.677567
NGJCOJPH_00392	169.057281	82.598770	89.545776
NGJCOJPH_00393	188.155624	91.929916	99.661736
NGJCOJPH_00394	77.896255	38.058899	41.259865
NGJCOJPH_00395	584.881836	285.764191	309.798553
NGJCOJPH_00396	66.111107	32.300861	35.017544
NGJCOJPH_00397	133.790253	65.367844	70.865639
NGJCOJPH_00398	23.179739	11.325261	12.277778
NGJCOJPH_00399	71.760963	35.061291	38.010139
NGJCOJPH_00400	68.251045	33.346401	36.151020
NGJCOJPH_00401	145.803650	71.237404	77.228859
NGJCOJPH_00402	240.733780	117.618790	127.511177
NGJCOJPH_00403	330.797852	161.622696	175.216064
NGJCOJPH_00404	287.333405	140.386642	152.193939
NGJCOJPH_00405	560.173706	273.692169	296.711212
NGJCOJPH_00406	98.128517	47.944073	51.976433
NGJCOJPH_00407	128.621857	62.842644	68.128059
NGJCOJPH_00408	165.037689	80.634850	87.416695
NGJCOJPH_00409	1302.568970	636.415039	689.941040
NGJCOJPH_00410	104.654007	51.132320	55.432835
NGJCOJPH_00411	39.862156	19.476032	21.114073
NGJCOJPH_00412	41.486771	20.269793	21.974594
NGJCOJPH_00413	41.780560	20.413334	22.130207
NGJCOJPH_00414	107.383293	52.465809	56.878479
NGJCOJPH_00415	88.546288	43.262341	46.900944
NGJCOJPH_00416	15.523361	7.584473	8.222369
NGJCOJPH_00417	67.422516	32.941593	35.712162
NGJCOJPH_00418	51.848789	25.332514	27.463118
NGJCOJPH_00419	255.172348	124.673248	135.158966
NGJCOJPH_00420	2360.013916	1153.066162	1250.045410
NGJCOJPH_00421	669.391968	327.054535	354.561615
NGJCOJPH_00422	173.701019	84.867622	92.005463
NGJCOJPH_00423	1140.540039	557.250183	604.117981
NGJCOJPH_00424	82.767387	40.438862	43.839993
NGJCOJPH_00425	126.631508	61.870190	67.073814
NGJCOJPH_00426	104.264267	50.941906	55.226398
NGJCOJPH_00427	59.256950	28.952026	31.387053
NGJCOJPH_00428	118.835396	58.061131	62.944393
NGJCOJPH_00429	567.488586	277.266113	300.585724
NGJCOJPH_00430	172.971954	84.511414	91.619293
NGJCOJPH_00431	162.627914	79.457474	86.140289
NGJCOJPH_00432	148.970276	72.784561	78.906151
NGJCOJPH_00433	102.709572	50.182304	54.402912
NGJCOJPH_00434	266.507538	130.211441	141.162949
NGJCOJPH_00435	443.161926	216.522049	234.732742
NGJCOJPH_00436	19193.380859	9377.587891	10166.294922
NGJCOJPH_00437	516.918091	252.558151	273.799683
NGJCOJPH_00438	244.219086	119.321655	129.357269
NGJCOJPH_00439	1361.846802	665.377258	721.339111
NGJCOJPH_00440	48.137115	23.519047	25.497129
NGJCOJPH_00441	85.397102	41.723698	45.232895
NGJCOJPH_00442	123.560822	60.369900	65.447342
NGJCOJPH_00443	51.438744	25.132172	27.245928
NGJCOJPH_00444	97.634171	47.702541	51.714588
NGJCOJPH_00445	259.749237	126.909447	137.583237
NGJCOJPH_00446	96.102135	46.954014	50.903107
NGJCOJPH_00447	147.885864	72.254738	78.331764
NGJCOJPH_00448	174.779449	85.394524	92.576683
NGJCOJPH_00449	414.013885	202.280762	219.293701
NGJCOJPH_00450	241.285538	117.888367	127.803436
NGJCOJPH_00451	132.958603	64.961510	70.425133
NGJCOJPH_00452	269.143341	131.499268	142.559067
NGJCOJPH_00453	660.303955	322.614258	349.747894
NGJCOJPH_00454	69.298660	33.858250	36.705917
NGJCOJPH_00455	544.583313	266.074951	288.453339
NGJCOJPH_00456	215.617813	105.347519	114.207825
NGJCOJPH_00457	137.341919	67.103127	72.746880
NGJCOJPH_00458	633.703003	309.617432	335.657990
NGJCOJPH_00459	268.944458	131.402084	142.453735
NGJCOJPH_00460	433.382355	211.743896	229.552734
NGJCOJPH_00461	410.287598	200.460159	217.319962
NGJCOJPH_00462	67.175003	32.820663	35.581062
NGJCOJPH_00463	135.775681	66.337891	71.917274
NGJCOJPH_00464	157.137848	76.775116	83.232323
NGJCOJPH_00465	327.952942	160.232727	173.709167
NGJCOJPH_00466	259.655762	126.863777	137.533722
NGJCOJPH_00467	312.488098	152.676834	165.517807
NGJCOJPH_00468	180.954681	88.411644	95.847565
NGJCOJPH_00469	144.182358	70.445267	76.370094
NGJCOJPH_00470	97.527428	47.650391	51.658047
NGJCOJPH_00471	216.844971	105.947090	114.857826
NGJCOJPH_00472	70.468925	34.430023	37.325779
NGJCOJPH_00473	52.178501	25.493607	27.637758
NGJCOJPH_00474	134.631500	65.778862	71.311234
NGJCOJPH_00475	315.371643	154.085693	167.045151
NGJCOJPH_00476	111.035324	54.250137	58.812874
NGJCOJPH_00477	64.463844	31.496033	34.145023
NGJCOJPH_00478	248.225891	121.279320	131.479584
NGJCOJPH_00479	281.120087	137.350906	148.902893
NGJCOJPH_00480	484.486664	236.712677	256.621521
NGJCOJPH_00481	1177.944824	575.525574	623.930481
NGJCOJPH_00482	63.518475	31.034142	33.644283
NGJCOJPH_00483	39.790306	19.440926	21.076017
NGJCOJPH_00484	83.485847	40.789886	44.220547
NGJCOJPH_00485	101.544388	49.613010	53.785740
NGJCOJPH_00486	551.361633	269.386749	292.043671
NGJCOJPH_00487	618.864685	302.367676	327.798492
NGJCOJPH_00488	119.081009	58.181133	63.074490
NGJCOJPH_00489	23.198158	11.334260	12.287534
NGJCOJPH_00490	223.033951	108.970924	118.135986
NGJCOJPH_00491	1163.424927	568.431396	616.239563
NGJCOJPH_00492	143.163910	69.947670	75.830650
NGJCOJPH_00493	183.388107	89.600586	97.136490
NGJCOJPH_00494	217.380737	106.208855	115.141609
NGJCOJPH_00495	241.563721	118.024284	127.950783
NGJCOJPH_00496	227.281860	111.046394	120.386002
NGJCOJPH_00497	219.656250	107.320641	116.346901
NGJCOJPH_00498	232.067062	113.384361	122.920616
NGJCOJPH_00499	283.033875	138.285950	149.916580
NGJCOJPH_00500	365.238495	178.449860	193.458481
NGJCOJPH_00501	166.719666	81.456642	88.307594
NGJCOJPH_00502	221.468277	108.205963	117.306679
NGJCOJPH_00503	201.814957	98.603653	106.896774
NGJCOJPH_00504	492.693359	240.722321	260.968414
NGJCOJPH_00505	312.895477	152.875870	165.733597
NGJCOJPH_00506	228.681915	111.730431	121.127586
NGJCOJPH_00507	63.598377	31.073181	33.686607
NGJCOJPH_00508	555.052490	271.190033	293.998627
NGJCOJPH_00509	170.865570	83.482269	90.503586
NGJCOJPH_00510	112.914406	55.168228	59.808182
NGJCOJPH_00511	335.050507	163.700470	177.468597
NGJCOJPH_00512	95.362686	46.592728	50.511436
NGJCOJPH_00513	341.040222	166.626968	180.641220
NGJCOJPH_00514	470.134918	229.700623	249.019714
NGJCOJPH_00515	96.523659	47.159962	51.126373
NGJCOJPH_00516	88.942245	43.455803	47.110676
NGJCOJPH_00517	257.456177	125.789093	136.368652
NGJCOJPH_00518	508.418945	248.405609	269.297882
NGJCOJPH_00519	92.082443	44.990055	48.773964
NGJCOJPH_00520	207.037872	101.155495	109.663231
NGJCOJPH_00521	87.872414	42.933098	46.544010
NGJCOJPH_00522	299.545074	146.353073	158.662186
NGJCOJPH_00523	453.884766	221.761063	240.412384
NGJCOJPH_00524	95.209686	46.517975	50.430397
NGJCOJPH_00525	1116.400024	545.455688	591.331543
NGJCOJPH_00526	2614.029297	1277.174072	1384.591553
NGJCOJPH_00527	154.926773	75.694817	82.061165
NGJCOJPH_00528	184.823196	90.301750	97.896622
NGJCOJPH_00529	591.805542	289.147003	313.465881
NGJCOJPH_00530	117.778969	57.544979	62.384827
NGJCOJPH_00531	180.279205	88.081619	95.489769
NGJCOJPH_00532	125.733025	61.431206	66.597908
NGJCOJPH_00533	168.781601	82.464066	89.399757
NGJCOJPH_00534	198.606079	97.035851	105.197105
NGJCOJPH_00535	561.679871	274.428070	297.509003
NGJCOJPH_00536	982.348999	479.960480	520.327820
NGJCOJPH_00537	2154.554932	1052.682129	1141.218506
NGJCOJPH_00538	70.545929	34.467648	37.366566
NGJCOJPH_00539	84.034378	41.057896	44.511089
NGJCOJPH_00540	103.232452	50.437775	54.679874
NGJCOJPH_00541	29.184668	14.259175	15.458451
NGJCOJPH_00542	64.258682	31.395796	34.036358
NGJCOJPH_00543	100.746704	49.223278	53.363228
NGJCOJPH_00544	189.214935	92.447479	100.222824
NGJCOJPH_00545	665.688843	325.245239	352.600159
NGJCOJPH_00546	196.411850	95.963783	104.034874
NGJCOJPH_00547	166.401352	81.301125	88.138992
NGJCOJPH_00548	31.144579	15.216758	16.496571
NGJCOJPH_00549	40.977169	20.020809	21.704670
NGJCOJPH_00550	34.022614	16.622921	18.021000
NGJCOJPH_00551	225.733841	110.290047	119.566055
NGJCOJPH_00552	113.082863	55.250530	59.897408
NGJCOJPH_00553	60.683556	29.649044	32.142693
NGJCOJPH_00554	175.401566	85.698486	92.906204
NGJCOJPH_00555	1833.075439	895.612244	970.938171
NGJCOJPH_00556	195.847061	95.687836	103.735710
NGJCOJPH_00557	85.773872	41.907780	45.432461
NGJCOJPH_00558	28.327063	13.840163	15.004197
NGJCOJPH_00559	275.039337	134.379944	145.682053
NGJCOJPH_00560	781.452759	381.805695	413.917664
NGJCOJPH_00561	124.501282	60.829391	65.945480
NGJCOJPH_00562	105.280487	51.438412	55.764668
NGJCOJPH_00563	124.449272	60.803986	65.917938
NGJCOJPH_00564	30.180893	14.745915	15.986129
NGJCOJPH_00565	27.859335	13.611639	14.756453
NGJCOJPH_00566	15.315944	7.483132	8.112506
NGJCOJPH_00567	5171.885254	2526.902832	2739.429199
NGJCOJPH_00568	1776.608154	868.023193	941.028748
NGJCOJPH_00569	291.469818	142.407623	154.384903
NGJCOJPH_00570	51.927975	25.371202	27.505062
NGJCOJPH_00571	177.947006	86.942146	94.254463
NGJCOJPH_00572	152.442566	74.481071	80.745338
NGJCOJPH_00573	394.566925	192.779282	208.993073
NGJCOJPH_00574	106.713615	52.138615	56.523762
NGJCOJPH_00575	85.672241	41.858128	45.378628
NGJCOJPH_00576	377.082916	184.236862	199.732208
NGJCOJPH_00577	99.312836	48.522709	52.603737
NGJCOJPH_00578	152.936737	74.722519	81.007095
NGJCOJPH_00579	187.176208	91.451393	99.142960
NGJCOJPH_00580	155.303833	75.879044	82.260895
NGJCOJPH_00581	359.118683	175.459808	190.216965
NGJCOJPH_00582	53.905155	26.337221	28.552330
NGJCOJPH_00583	70.550552	34.469906	37.369015
NGJCOJPH_00584	388.325226	189.729675	205.686996
NGJCOJPH_00585	449.293060	219.517609	237.980270
NGJCOJPH_00586	444.652740	217.250427	235.522400
NGJCOJPH_00587	273.073395	133.419418	144.640747
NGJCOJPH_00588	117.901833	57.605007	62.449905
NGJCOJPH_00589	221.938950	108.435921	117.555984
NGJCOJPH_00590	317.987000	155.363510	168.430450
NGJCOJPH_00591	428.298706	209.260101	226.860046
NGJCOJPH_00592	379.772217	185.550812	201.156662
NGJCOJPH_00593	365.546875	178.600525	193.621826
NGJCOJPH_00594	163.464691	79.866310	86.583511
NGJCOJPH_00595	418.387085	204.417450	221.610077
NGJCOJPH_00596	136.360840	66.623787	72.227219
NGJCOJPH_00597	348.418701	170.231964	184.549423
NGJCOJPH_00598	69.908119	34.156021	37.028732
NGJCOJPH_00599	106.620110	52.092930	56.474236
NGJCOJPH_00600	197.208099	96.352814	104.456619
NGJCOJPH_00601	145.760132	71.216133	77.205811
NGJCOJPH_00602	68.564789	33.499691	36.317204
NGJCOJPH_00603	119.670448	58.469124	63.386700
NGJCOJPH_00604	121.603966	59.413811	64.410843
NGJCOJPH_00605	131.992615	64.489548	69.913475
NGJCOJPH_00606	109.872719	53.682106	58.197067
NGJCOJPH_00607	569.491760	278.244843	301.646790
NGJCOJPH_00608	40.567593	19.820696	21.487726
NGJCOJPH_00609	150.353958	73.460609	79.639053
NGJCOJPH_00610	418.378784	204.413376	221.605682
NGJCOJPH_00611	282.237610	137.896912	149.494812
NGJCOJPH_00612	189.127472	92.404747	100.176498
NGJCOJPH_00613	262.944061	128.470383	139.275467
NGJCOJPH_00614	1161.081299	567.286255	614.998230
NGJCOJPH_00615	651.925232	318.520569	345.309906
NGJCOJPH_00616	323.407166	158.011719	171.301392
NGJCOJPH_00617	2473.753906	1208.637695	1310.290894
NGJCOJPH_00618	3968.826416	1939.106934	2102.196533
NGJCOJPH_00619	153.802963	75.145744	81.465912
NGJCOJPH_00620	53.683807	26.229074	28.435085
NGJCOJPH_00621	130.207993	63.617603	68.968201
NGJCOJPH_00622	113.761330	55.582020	60.256775
NGJCOJPH_00623	75.501640	36.888931	39.991493
NGJCOJPH_00624	99.007439	48.373497	52.441978
NGJCOJPH_00625	90.104225	44.023525	47.726147
NGJCOJPH_00626	84.417572	41.245113	44.714062
NGJCOJPH_00627	39.002575	19.056053	20.658773
NGJCOJPH_00628	3151.489990	1539.769043	1669.272217
NGJCOJPH_00629	67.262817	32.863567	35.627575
NGJCOJPH_00630	60.095253	29.361609	31.831081
NGJCOJPH_00631	45.205643	22.086775	23.944397
NGJCOJPH_00632	115.168571	56.269577	61.002159
NGJCOJPH_00633	81.929573	40.029518	43.396225
NGJCOJPH_00634	85.988739	42.012764	45.546268
NGJCOJPH_00635	552.884399	270.130737	292.850250
NGJCOJPH_00636	168.197754	82.178810	89.090508
NGJCOJPH_00637	182.047836	88.945747	96.426582
NGJCOJPH_00638	106.564026	52.065529	56.444527
NGJCOJPH_00639	81.967697	40.048141	43.416416
NGJCOJPH_00640	30.563915	14.933055	16.189009
NGJCOJPH_00641	131.333191	64.167358	69.564194
NGJCOJPH_00642	167.383804	81.781136	88.659378
NGJCOJPH_00643	344.556061	168.344757	182.503479
NGJCOJPH_00644	257.438416	125.780418	136.359253
NGJCOJPH_00645	422.792755	206.569977	223.943665
NGJCOJPH_00646	80.800056	39.477654	42.797943
NGJCOJPH_00647	525.737000	256.866943	278.470856
NGJCOJPH_00648	87.686638	42.842331	46.445610
NGJCOJPH_00649	115.136925	56.254112	60.985401
NGJCOJPH_00650	250.822495	122.547974	132.854950
NGJCOJPH_00651	9456.012695	4620.061035	5008.633789
NGJCOJPH_00652	192.191132	93.901604	101.799255
NGJCOJPH_00653	366.006714	178.825195	193.865402
NGJCOJPH_00654	56.608765	27.658163	29.984369
NGJCOJPH_00655	104.829361	51.217999	55.525715
NGJCOJPH_00656	4053.568359	1980.510620	2147.082520
NGJCOJPH_00657	276.914642	135.296188	146.675369
NGJCOJPH_00658	262.893890	128.445877	139.248886
NGJCOJPH_00659	294.318481	143.799438	155.893784
NGJCOJPH_00660	204.055756	99.698479	108.083672
NGJCOJPH_00661	82.874313	40.491100	43.896629
NGJCOJPH_00662	91.635475	44.771671	48.537216
NGJCOJPH_00663	180.185593	88.035889	95.440193
NGJCOJPH_00664	51.152134	24.992140	27.094116
NGJCOJPH_00665	246.688126	120.527985	130.665070
NGJCOJPH_00666	884.318176	432.064148	468.403137
NGJCOJPH_00667	347.193756	169.633484	183.900604
NGJCOJPH_00668	186.818542	91.276642	98.953514
NGJCOJPH_00669	70.536438	34.463009	37.361542
NGJCOJPH_00670	118.210831	57.755978	62.613575
NGJCOJPH_00671	59.421429	29.032389	31.474173
NGJCOJPH_00672	84.285255	41.180466	44.643974
NGJCOJPH_00673	180.553482	88.215630	95.635056
NGJCOJPH_00674	147.895996	72.259689	78.337128
NGJCOJPH_00675	90.041176	43.992718	47.692753
NGJCOJPH_00676	758.707581	370.692749	401.870056
NGJCOJPH_00677	223.185013	109.044731	118.215996
NGJCOJPH_00678	106.500198	52.034344	56.410721
NGJCOJPH_00679	228.410172	111.597672	120.983650
NGJCOJPH_00680	263.446136	128.715698	139.541397
NGJCOJPH_00681	88.540985	43.259754	46.898136
NGJCOJPH_00682	152.739868	74.626335	80.902817
NGJCOJPH_00683	99.248672	48.491360	52.569752
NGJCOJPH_00684	288.480316	140.947006	152.801437
NGJCOJPH_00685	122.776810	59.986847	65.032066
NGJCOJPH_00686	66.292778	32.389622	35.113770
NGJCOJPH_00687	85.161201	41.608440	45.107941
NGJCOJPH_00688	138.282318	67.562599	73.244987
NGJCOJPH_00689	278.033630	135.842911	147.268066
NGJCOJPH_00690	297.768555	145.485092	157.721191
NGJCOJPH_00691	51.046799	24.940674	27.038322
NGJCOJPH_00692	40.413673	19.745493	21.406199
NGJCOJPH_00693	335.587067	163.962646	177.752808
NGJCOJPH_00694	125.525253	61.329693	66.487862
NGJCOJPH_00695	831.456726	406.236847	440.403625
NGJCOJPH_00696	161.488327	78.900688	85.536674
NGJCOJPH_00697	14.192556	6.934263	7.517473
NGJCOJPH_00698	66.767792	32.621708	35.365372
NGJCOJPH_00699	80.467133	39.314991	42.621601
NGJCOJPH_00700	255.541260	124.853493	135.354370
NGJCOJPH_00701	571.079468	279.020569	302.487762
NGJCOJPH_00702	143.459549	70.092110	75.987244
NGJCOJPH_00703	180.583710	88.230400	95.651062
NGJCOJPH_00704	368.121460	179.858429	194.985535
NGJCOJPH_00705	267.972809	130.927353	141.939072
NGJCOJPH_00706	60.806889	29.709303	32.208019
NGJCOJPH_00707	304.617615	148.831436	161.348984
NGJCOJPH_00708	384.027283	187.629776	203.410477
NGJCOJPH_00709	3067.706787	1498.833984	1624.894287
NGJCOJPH_00710	201.496887	98.448250	106.728294
NGJCOJPH_00711	949.942566	464.127197	503.162872
NGJCOJPH_00712	245.047150	119.726234	129.795883
NGJCOJPH_00713	97.314217	47.546215	51.545116
NGJCOJPH_00714	139.978455	68.391304	74.143387
NGJCOJPH_00715	147.959778	72.290848	78.370911
NGJCOJPH_00716	101.413239	49.548935	53.716274
NGJCOJPH_00717	79.377655	38.782688	42.044529
NGJCOJPH_00718	101.528770	49.605381	53.777470
NGJCOJPH_00719	137.668427	67.262657	72.919823
NGJCOJPH_00720	1202.091187	587.323120	636.720215
NGJCOJPH_00721	156.585663	76.505325	82.939850
NGJCOJPH_00722	134.592606	65.759857	71.290627
NGJCOJPH_00723	183.714233	89.759926	97.309235
NGJCOJPH_00724	54.817829	26.783140	29.035751
NGJCOJPH_00725	65.190071	31.850857	34.529690
NGJCOJPH_00726	26.249191	12.824947	13.903597
NGJCOJPH_00727	75.177910	36.730759	39.820023
NGJCOJPH_00728	49.133076	24.005659	26.024668
NGJCOJPH_00729	59.619911	29.129362	31.579306
NGJCOJPH_00730	146.800827	71.724602	77.757050
NGJCOJPH_00731	284.309662	138.909286	150.592331
NGJCOJPH_00732	195.164978	95.354584	103.374428
NGJCOJPH_00733	305.601044	149.311935	161.869888
NGJCOJPH_00734	153.066010	74.785675	81.075569
NGJCOJPH_00735	260.899445	127.471420	138.192474
NGJCOJPH_00736	150.085892	73.329636	79.497063
NGJCOJPH_00737	62.467052	30.520432	33.087368
NGJCOJPH_00738	124.830391	60.990192	66.119804
NGJCOJPH_00739	22.576456	11.030506	11.958233
NGJCOJPH_00740	110.875000	54.171806	58.727955
NGJCOJPH_00741	74.079170	36.193932	39.238041
NGJCOJPH_00742	78.605576	38.405464	41.635578
NGJCOJPH_00743	214.767731	104.932182	113.757561
NGJCOJPH_00744	165.907944	81.060043	87.877640
NGJCOJPH_00745	953.977173	466.098419	505.299896
NGJCOJPH_00746	161.630615	78.970215	85.612038
NGJCOJPH_00747	192.154831	93.883865	101.780022
NGJCOJPH_00748	111.488945	54.471767	59.053146
NGJCOJPH_00749	162.370422	79.331665	86.003899
NGJCOJPH_00750	319.181580	155.947174	169.063187
NGJCOJPH_00751	462.787720	226.110886	245.128082
NGJCOJPH_00752	143.888855	70.301865	76.214638
NGJCOJPH_00753	81.489586	39.814545	43.163170
NGJCOJPH_00754	89.361038	43.660416	47.332500
NGJCOJPH_00755	45.586964	22.273083	24.146374
NGJCOJPH_00756	104.371223	50.994160	55.283051
NGJCOJPH_00757	6320.681641	3088.186768	3347.920410
NGJCOJPH_00758	714.153931	348.924530	378.270996
NGJCOJPH_00759	466.966431	228.152557	247.341446
NGJCOJPH_00760	72.746140	35.542633	38.531967
NGJCOJPH_00761	36.979076	18.067404	19.586971
NGJCOJPH_00762	176.809250	86.386253	93.651817
NGJCOJPH_00763	235.925140	115.269363	124.964149
NGJCOJPH_00764	346.074493	169.086624	183.307755
NGJCOJPH_00765	60.473362	29.546345	32.031357
NGJCOJPH_00766	196.824432	96.165359	104.253403
NGJCOJPH_00767	190.491669	93.071274	100.899078
NGJCOJPH_00768	254.571808	124.379837	134.840866
NGJCOJPH_00769	284.966217	139.230072	150.940094
NGJCOJPH_00770	165.517365	80.869217	87.670761
NGJCOJPH_00771	483.895630	236.423904	256.308441
NGJCOJPH_00772	195.361633	95.450661	103.478592
NGJCOJPH_00773	551.815979	269.608734	292.284332
NGJCOJPH_00774	217.354675	106.196121	115.127800
NGJCOJPH_00775	226.456039	110.642906	119.948586
NGJCOJPH_00776	111.358833	54.408199	58.984230
NGJCOJPH_00777	292.420258	142.871994	154.888321
NGJCOJPH_00778	316.368744	154.572861	167.573288
NGJCOJPH_00779	10058.506836	4914.430664	5327.761230
NGJCOJPH_00780	9.397163	4.591308	4.977462
NGJCOJPH_00781	6291.885742	3074.117920	3332.667969
NGJCOJPH_00782	39.622223	19.358803	20.986986
NGJCOJPH_00783	186710.156250	91223.687500	98896.109375
NGJCOJPH_00784	3811.001709	1861.996338	2018.600464
NGJCOJPH_00785	123.838943	60.505787	65.594658
NGJCOJPH_00786	135.811325	66.355309	71.936157
NGJCOJPH_00787	197.339600	96.417061	104.526276
NGJCOJPH_00788	301.726227	147.418762	159.817490
NGJCOJPH_00789	178.256409	87.093315	94.418350
NGJCOJPH_00790	321.240021	156.952881	170.153503
NGJCOJPH_00791	393.539642	192.277359	208.448959
NGJCOJPH_00792	178.982224	87.447937	94.802795
NGJCOJPH_00793	72.499847	35.422298	38.401512
NGJCOJPH_00794	98.404854	48.079082	52.122803
NGJCOJPH_00795	164.179214	80.215416	86.961975
NGJCOJPH_00796	155.758102	76.100990	82.501503
NGJCOJPH_00797	168.442169	82.298225	89.219971
NGJCOJPH_00798	76.423370	37.339275	40.479710
NGJCOJPH_00799	77.365692	37.799675	40.978840
NGJCOJPH_00800	166.309814	81.256401	88.090508
NGJCOJPH_00801	201.249283	98.327271	106.597145
NGJCOJPH_00802	177.438614	86.693756	93.985176
NGJCOJPH_00803	150.034363	73.304466	79.469772
NGJCOJPH_00804	163.946686	80.101807	86.838814
NGJCOJPH_00805	159.399139	77.879944	84.430077
NGJCOJPH_00806	95.352669	46.587833	50.506130
NGJCOJPH_00807	257.166290	125.647461	136.215103
NGJCOJPH_00808	125.882294	61.504135	66.676979
NGJCOJPH_00809	49.379635	24.126123	26.155264
NGJCOJPH_00810	51.777039	25.297459	27.425116
NGJCOJPH_00811	103.550034	50.592941	54.848087
NGJCOJPH_00812	571.600220	279.274994	302.763550
NGJCOJPH_00813	77.202042	37.719719	40.892155
NGJCOJPH_00814	190.399368	93.026176	100.850197
NGJCOJPH_00815	226.725189	110.774406	120.091148
NGJCOJPH_00816	63.447319	30.999374	33.606594
NGJCOJPH_00817	117.628418	57.471420	62.305084
NGJCOJPH_00818	98.576752	48.163071	52.213852
NGJCOJPH_00819	252.959671	123.592171	133.986954
NGJCOJPH_00820	98.999855	48.369793	52.437962
NGJCOJPH_00821	26.827160	13.107334	14.209734
NGJCOJPH_00822	443.401764	216.639221	234.859772
NGJCOJPH_00823	197.551529	96.520607	104.638535
NGJCOJPH_00824	167.830536	81.999397	88.895996
NGJCOJPH_00825	206.934280	101.104874	109.608360
NGJCOJPH_00826	182.006561	88.925583	96.404716
NGJCOJPH_00827	347.548065	169.806580	184.088272
NGJCOJPH_00828	886.126587	432.947723	469.360992
NGJCOJPH_00829	1286.604492	628.614990	681.485046
NGJCOJPH_00830	298.530304	145.857269	158.124680
NGJCOJPH_00831	263.824890	128.900742	139.742020
NGJCOJPH_00832	135.524063	66.214958	71.783997
NGJCOJPH_00833	208.068817	101.659195	110.209297
NGJCOJPH_00834	91.825920	44.864719	48.638092
NGJCOJPH_00835	225.775696	110.310501	119.588226
NGJCOJPH_00836	472.088562	230.655151	250.054535
NGJCOJPH_00837	103.790817	50.710579	54.975624
NGJCOJPH_00838	174.509659	85.262711	92.433784
NGJCOJPH_00839	166.917938	81.553513	88.412613
NGJCOJPH_00840	224.550568	109.711922	118.939301
NGJCOJPH_00841	60.530872	29.574446	32.061821
NGJCOJPH_00842	137.461731	67.161667	72.810333
NGJCOJPH_00843	176.120071	86.049530	93.286774
NGJCOJPH_00844	64.204292	31.369221	34.007545
NGJCOJPH_00845	101.354408	49.520191	53.685112
NGJCOJPH_00846	301.552277	147.333755	159.725357
NGJCOJPH_00847	45.264931	22.115742	23.975800
NGJCOJPH_00848	90.887924	44.406429	48.141258
NGJCOJPH_00849	66.693344	32.585335	35.325939
NGJCOJPH_00850	752.659485	367.737732	398.666504
NGJCOJPH_00851	6919.139160	3380.584229	3664.909912
NGJCOJPH_00852	4468.401855	2183.191650	2366.810303
NGJCOJPH_00853	2744.478271	1340.909546	1453.687378
NGJCOJPH_00854	70785.851562	34584.867188	37493.648438
NGJCOJPH_00855	92764.218750	45323.160156	49135.085938
NGJCOJPH_00856	239.656616	117.092506	126.940636
NGJCOJPH_00857	145.864975	71.267365	77.261345
NGJCOJPH_00858	113.899590	55.649570	60.330009
NGJCOJPH_00859	188.355484	92.027565	99.767601
NGJCOJPH_00860	595.001831	290.708649	315.158875
NGJCOJPH_00861	409.463287	200.057404	216.883347
NGJCOJPH_00862	121.500015	59.363022	64.355782
NGJCOJPH_00863	134.076675	65.507782	71.017349
NGJCOJPH_00864	64.940208	31.728777	34.397343
NGJCOJPH_00865	25.548241	12.482474	13.532319
NGJCOJPH_00866	63.203400	30.880199	33.477398
NGJCOJPH_00867	296.900726	145.061081	157.261536
NGJCOJPH_00868	203.765884	99.556854	107.930138
NGJCOJPH_00869	230.595657	112.665459	122.141251
NGJCOJPH_00870	111.312157	54.385395	58.959507
NGJCOJPH_00871	294.467926	143.872467	155.972931
NGJCOJPH_00872	226.421829	110.626190	119.930466
NGJCOJPH_00873	132.307144	64.643219	70.080070
NGJCOJPH_00874	208.904968	102.067726	110.652191
NGJCOJPH_00875	114.830299	56.104305	60.822983
NGJCOJPH_00876	131.249405	64.126419	69.519814
NGJCOJPH_00877	346.923645	169.501495	183.757523
NGJCOJPH_00878	251.161530	122.713623	133.034531
NGJCOJPH_00879	252.014725	123.130486	133.486435
NGJCOJPH_00880	231.386368	113.051788	122.560074
NGJCOJPH_00881	286.162872	139.814743	151.573944
NGJCOJPH_00882	633.833008	309.680969	335.726868
NGJCOJPH_00883	219.511566	107.249947	116.270264
NGJCOJPH_00884	104.942657	51.273354	55.585728
NGJCOJPH_00885	43.089394	21.052809	22.823465
NGJCOJPH_00886	168.017914	82.090950	88.995255
NGJCOJPH_00887	85.149513	41.602734	45.101749
NGJCOJPH_00888	57.993465	28.334707	30.717812
NGJCOJPH_00889	151.696747	74.116676	80.350304
NGJCOJPH_00890	239.051270	116.796745	126.619995
NGJCOJPH_00891	212.557388	103.852242	112.586792
NGJCOJPH_00892	185.314377	90.541725	98.156792
NGJCOJPH_00893	124.849548	60.999550	66.129951
NGJCOJPH_00894	387.651154	189.400330	205.329971
NGJCOJPH_00895	630.502441	308.053711	333.962738
NGJCOJPH_00896	1033.453491	504.929352	547.396729
NGJCOJPH_00897	139.835831	68.321617	74.067841
NGJCOJPH_00898	67.737045	33.095268	35.878765
NGJCOJPH_00899	66.864243	32.668831	35.416462
NGJCOJPH_00900	132.447433	64.711761	70.154381
NGJCOJPH_00901	123.990105	60.579643	65.674721
NGJCOJPH_00902	285.619324	139.549164	151.286026
NGJCOJPH_00903	105.113037	51.356598	55.675976
NGJCOJPH_00904	531.431763	259.649292	281.487274
NGJCOJPH_00905	1511.414307	738.453552	800.561584
NGJCOJPH_00906	173.423752	84.732155	91.858597
NGJCOJPH_00907	106.620369	52.093060	56.474373
NGJCOJPH_00908	231.679199	113.194862	122.715179
NGJCOJPH_00909	207.239639	101.254074	109.770096
NGJCOJPH_00910	64.841805	31.680700	34.345222
NGJCOJPH_00911	10097.117188	4933.294434	5348.212402
NGJCOJPH_00912	156.051941	76.244560	82.657143
NGJCOJPH_00913	164.365860	80.306610	87.060837
NGJCOJPH_00914	97.310638	47.544468	51.543221
NGJCOJPH_00915	113.769028	55.585781	60.260853
NGJCOJPH_00916	145.158005	70.921951	76.886879
NGJCOJPH_00917	115.320595	56.343853	61.082684
NGJCOJPH_00918	111.450981	54.453220	59.033039
NGJCOJPH_00919	209.784958	102.497681	111.118301
NGJCOJPH_00920	230.681412	112.707359	122.186668
NGJCOJPH_00921	110.488892	53.983158	58.523438
NGJCOJPH_00922	72.352615	35.350365	38.323528
NGJCOJPH_00923	564.251160	275.684357	298.870941
NGJCOJPH_00924	183.241333	89.528870	97.058746
NGJCOJPH_00925	225.996353	110.418312	119.705101
NGJCOJPH_00926	435.020294	212.544174	230.420303
NGJCOJPH_00927	1033.675415	505.037750	547.514221
NGJCOJPH_00928	364.904602	178.286728	193.281631
NGJCOJPH_00929	564.770630	275.938171	299.146088
NGJCOJPH_00930	301.698822	147.405350	159.802963
NGJCOJPH_00931	188.653214	92.173027	99.925301
NGJCOJPH_00932	20.047331	9.794815	10.618612
NGJCOJPH_00933	72.396385	35.371750	38.346710
NGJCOJPH_00934	51.476040	25.150394	27.265682
NGJCOJPH_00935	296.431580	144.831879	157.013031
NGJCOJPH_00936	446.286774	218.048782	236.387909
NGJCOJPH_00937	79.334610	38.761662	42.021729
NGJCOJPH_00938	72.995262	35.664349	38.663921
NGJCOJPH_00939	97.808281	47.787605	51.806812
NGJCOJPH_00940	176.165283	86.071625	93.310722
NGJCOJPH_00941	152.006073	74.267807	80.514145
NGJCOJPH_00942	191.376526	93.503601	101.367775
NGJCOJPH_00943	98.451187	48.101723	52.147343
NGJCOJPH_00944	119.140305	58.210102	63.105896
NGJCOJPH_00945	69.807426	34.106823	36.975399
NGJCOJPH_00946	98.136070	47.947762	51.980434
NGJCOJPH_00947	140.611923	68.700806	74.478920
NGJCOJPH_00948	352.721130	172.334076	186.828323
NGJCOJPH_00949	180.339081	88.110878	95.521492
NGJCOJPH_00950	123.684097	60.430130	65.512642
NGJCOJPH_00951	121.947517	59.581665	64.592812
NGJCOJPH_00952	83.328529	40.713028	44.137218
NGJCOJPH_00953	31.870098	15.571235	16.880863
NGJCOJPH_00954	232.788467	113.736832	123.302727
NGJCOJPH_00955	142.193710	69.473640	75.316757
NGJCOJPH_00956	185.369431	90.568626	98.185951
NGJCOJPH_00957	92.244164	45.069069	48.859623
NGJCOJPH_00958	67.666161	33.060635	35.841217
NGJCOJPH_00959	281.645966	137.607849	149.181427
NGJCOJPH_00960	162.272324	79.283745	85.951942
NGJCOJPH_00961	702.474121	343.217926	372.084473
NGJCOJPH_00962	229.471542	112.116234	121.545830
NGJCOJPH_00963	783.171997	382.645660	414.828308
NGJCOJPH_00964	221.424683	108.184662	117.283600
NGJCOJPH_00965	175.924728	85.954086	93.183311
NGJCOJPH_00966	151.389420	73.966522	80.187515
NGJCOJPH_00967	151.063995	73.807526	80.015152
NGJCOJPH_00968	1307.008667	638.584167	692.292603
NGJCOJPH_00969	552.203369	269.798004	292.489502
NGJCOJPH_00970	389.599274	190.352158	206.361832
NGJCOJPH_00971	212.196426	103.675880	112.395599
NGJCOJPH_00972	388.989929	190.054443	206.039078
NGJCOJPH_00973	122.582726	59.892017	64.929268
NGJCOJPH_00974	34.270832	16.744198	18.152477
NGJCOJPH_00975	46.333332	22.637747	24.541708
NGJCOJPH_00976	49.477646	24.174009	26.207178
NGJCOJPH_00977	130.444687	63.733250	69.093567
NGJCOJPH_00978	64.322136	31.426796	34.069965
NGJCOJPH_00979	27.842106	13.603221	14.747327
NGJCOJPH_00980	116.512070	56.925991	61.713783
NGJCOJPH_00981	45.759537	22.357399	24.237780
NGJCOJPH_00982	59.793350	29.214104	31.671171
NGJCOJPH_00983	139.270782	68.045540	73.768555
NGJCOJPH_00984	71.459091	34.913803	37.850246
NGJCOJPH_00985	123.572067	60.375393	65.453300
NGJCOJPH_00986	126.662918	61.885536	67.090454
NGJCOJPH_00987	141.157074	68.967155	74.767677
NGJCOJPH_00988	434.967804	212.518524	230.392502
NGJCOJPH_00989	1229.238159	600.586670	651.099365
NGJCOJPH_00990	1303.475342	636.857849	690.421082
NGJCOJPH_00991	3978.571289	1943.868164	2107.358154
NGJCOJPH_00992	685.017151	334.688751	362.837921
NGJCOJPH_00993	851.242310	415.903778	450.883606
NGJCOJPH_00994	3878.347168	1894.900146	2054.271973
NGJCOJPH_00995	2037.743286	995.609741	1079.346069
NGJCOJPH_00996	3102.737549	1515.949341	1643.449219
NGJCOJPH_00997	2711.007568	1324.556152	1435.958740
NGJCOJPH_00998	11967.591797	5847.179688	6338.959473
NGJCOJPH_00999	7840.423828	3830.709473	4152.893555
NGJCOJPH_01000	178.503998	87.214279	94.549492
NGJCOJPH_01001	331.943848	162.182602	175.823059
NGJCOJPH_01002	182.983047	89.402679	96.921936
NGJCOJPH_01003	126.566895	61.838619	67.039589
NGJCOJPH_01004	105.871307	51.727081	56.077610
NGJCOJPH_01005	136.727463	66.802917	72.421410
NGJCOJPH_01006	163.596390	79.930656	86.653267
NGJCOJPH_01007	153.479630	74.987762	81.294655
NGJCOJPH_01008	251.070709	122.669250	132.986420
NGJCOJPH_01009	154.158829	75.319611	81.654411
NGJCOJPH_01010	404.230286	197.500641	214.111542
NGJCOJPH_01011	65.723770	32.111614	34.812382
NGJCOJPH_01012	149.870300	73.224304	79.382874
NGJCOJPH_01013	124.419411	60.789391	65.902115
NGJCOJPH_01014	559.122498	273.178558	296.154419
NGJCOJPH_01015	186.836288	91.285309	98.962914
NGJCOJPH_01016	1062.049072	518.900696	562.543152
NGJCOJPH_01017	54.978386	26.861588	29.120794
NGJCOJPH_01018	39.126389	19.116547	20.724354
NGJCOJPH_01019	99.741119	48.731964	52.830593
NGJCOJPH_01020	244.281342	119.352074	129.390244
NGJCOJPH_01021	54.133091	26.448589	28.673061
NGJCOJPH_01022	63.315990	30.935209	33.537033
NGJCOJPH_01023	221.571365	108.256332	117.361282
NGJCOJPH_01024	194.043747	94.806763	102.780533
NGJCOJPH_01025	166.684860	81.439629	88.289162
NGJCOJPH_01026	94.648247	46.243664	50.133015
NGJCOJPH_01027	128.742813	62.901737	68.192131
NGJCOJPH_01028	290.154907	141.765182	153.688431
NGJCOJPH_01029	522.646118	255.356781	276.833710
NGJCOJPH_01030	1092.864136	533.956421	578.865173
NGJCOJPH_01031	862.592590	421.449341	456.895569
NGJCOJPH_01032	266.933289	130.419464	141.388474
NGJCOJPH_01033	221.594162	108.267464	117.373360
NGJCOJPH_01034	213.165894	104.149551	112.909096
NGJCOJPH_01035	874.868958	427.447388	463.398071
NGJCOJPH_01036	123.619263	60.398453	65.478302
NGJCOJPH_01037	92.513481	45.200653	49.002277
NGJCOJPH_01038	173.266663	84.655403	91.775391
NGJCOJPH_01039	2128.437744	1039.921631	1127.384888
NGJCOJPH_01040	1111.148315	542.889832	588.549866
NGJCOJPH_01041	198.690674	97.077179	105.241905
NGJCOJPH_01042	142.992676	69.863998	75.739952
NGJCOJPH_01043	577.316467	282.067871	305.791351
NGJCOJPH_01044	690.958313	337.591492	365.984833
NGJCOJPH_01045	105.066368	51.333794	55.651253
NGJCOJPH_01046	192.281021	93.945518	101.846863
NGJCOJPH_01047	145.101852	70.894508	76.857140
NGJCOJPH_01048	547.694946	267.595245	290.101501
NGJCOJPH_01049	184.444473	90.116707	97.696022
NGJCOJPH_01050	151.800003	74.167130	80.404991
NGJCOJPH_01051	206.684158	100.982674	109.475876
NGJCOJPH_01052	169.080231	82.609978	89.557930
NGJCOJPH_01053	47.816101	23.362206	25.327095
NGJCOJPH_01054	341.003571	166.609055	180.621811
NGJCOJPH_01055	123.808350	60.490837	65.578453
NGJCOJPH_01056	151.574203	74.056801	80.285393
NGJCOJPH_01057	99.727402	48.725262	52.823326
NGJCOJPH_01058	138.189072	67.517036	73.195595
NGJCOJPH_01059	105.223732	51.410683	55.734604
NGJCOJPH_01060	122.135712	59.673611	64.692497
NGJCOJPH_01061	234.613037	114.628288	124.269165
NGJCOJPH_01062	131.756241	64.374054	69.788269
NGJCOJPH_01063	208.361649	101.802269	110.364403
NGJCOJPH_01064	383.049591	187.152084	202.892624
NGJCOJPH_01065	213.397293	104.262604	113.031670
NGJCOJPH_01066	250.016220	122.154045	132.427887
NGJCOJPH_01067	436.208069	213.124496	231.049438
NGJCOJPH_01068	60.453735	29.536757	32.020962
NGJCOJPH_01069	168.061630	82.112305	89.018402
NGJCOJPH_01070	85.190147	41.622585	45.123272
NGJCOJPH_01071	136.913391	66.893753	72.519897
NGJCOJPH_01072	274.663757	134.196442	145.483109
NGJCOJPH_01073	345.187622	168.653305	182.837997
NGJCOJPH_01074	245.055038	119.730095	129.800049
NGJCOJPH_01075	235.279358	114.953842	124.622101
NGJCOJPH_01076	286.595581	140.026154	151.803131
NGJCOJPH_01077	308.584320	150.769501	163.450058
NGJCOJPH_01078	329.762909	161.117035	174.667877
NGJCOJPH_01079	194.047791	94.808739	102.782684
NGJCOJPH_01080	277.915802	135.785339	147.205658
NGJCOJPH_01081	52.353210	25.578966	27.730299
NGJCOJPH_01082	36.360016	17.764940	19.259069
NGJCOJPH_01083	104.113983	50.868473	55.146797
NGJCOJPH_01084	74.678078	36.486549	39.555271
NGJCOJPH_01085	129.283310	63.165817	68.478416
NGJCOJPH_01086	320.246643	156.467545	169.627335
NGJCOJPH_01087	224.521088	109.697525	118.923691
NGJCOJPH_01088	241.335907	117.912979	127.830116
NGJCOJPH_01089	189.866211	92.765686	100.567795
NGJCOJPH_01090	123.932037	60.551273	65.643967
NGJCOJPH_01091	143.098953	69.915932	75.796249
NGJCOJPH_01092	146.376068	71.517075	77.532059
NGJCOJPH_01093	180.990723	88.429260	95.866646
NGJCOJPH_01094	202.511108	98.943787	107.265503
NGJCOJPH_01095	188.935867	92.311134	100.075012
NGJCOJPH_01096	150.346100	73.456772	79.634888
NGJCOJPH_01097	154.689713	75.578995	81.935608
NGJCOJPH_01098	292.847870	143.080933	155.114822
NGJCOJPH_01099	240.020615	117.270348	127.133430
NGJCOJPH_01100	57.660210	28.171885	30.541294
NGJCOJPH_01101	191.486282	93.557228	101.425911
NGJCOJPH_01102	921.965576	450.458069	488.344086
NGJCOJPH_01103	2058.120605	1005.565796	1090.139404
NGJCOJPH_01104	4466.136719	2182.085205	2365.610596
NGJCOJPH_01105	3136.993896	1532.686523	1661.593872
NGJCOJPH_01106	1830.559937	894.383179	969.605774
NGJCOJPH_01107	518.456238	253.309677	274.614410
NGJCOJPH_01108	1304.771973	637.491333	691.107910
NGJCOJPH_01109	583.492676	285.085480	309.062744
NGJCOJPH_01110	1516.470703	740.924011	803.239868
NGJCOJPH_01111	1836.894287	897.478027	972.960938
NGJCOJPH_01112	2385.501465	1165.519043	1263.545654
NGJCOJPH_01113	2095.250000	1023.706665	1109.806030
NGJCOJPH_01114	784.644714	383.365234	415.608398
NGJCOJPH_01115	3219.144043	1572.823853	1705.106934
NGJCOJPH_01116	3806.771240	1859.929321	2016.359741
NGJCOJPH_01117	1975.129639	965.017700	1046.181030
NGJCOJPH_01118	1150.909546	562.316528	609.610474
NGJCOJPH_01119	3925.800049	1918.084961	2079.406494
NGJCOJPH_01120	966.537048	472.235016	511.952576
NGJCOJPH_01121	788.467407	385.232941	417.633148
NGJCOJPH_01122	1037.406982	506.860931	549.490784
NGJCOJPH_01123	1725.158691	842.885742	913.777100
NGJCOJPH_01124	1953.497314	954.448486	1034.722900
NGJCOJPH_01125	3025.662842	1478.291992	1602.624390
NGJCOJPH_01126	1736.889648	848.617310	919.990723
NGJCOJPH_01127	1506.125366	735.869507	797.760132
NGJCOJPH_01128	2249.708984	1099.172974	1191.619507
NGJCOJPH_01129	1810.867798	884.761902	959.175293
NGJCOJPH_01130	1224.158691	598.104980	648.408875
NGJCOJPH_01131	7790.416504	3806.276611	4126.405762
NGJCOJPH_01132	2213.056641	1081.265137	1172.205566
NGJCOJPH_01133	1310.252197	640.168884	694.010620
NGJCOJPH_01134	852.015991	416.281769	451.293396
NGJCOJPH_01135	152.301804	74.412292	80.670784
NGJCOJPH_01136	328.368530	160.435760	173.929306
NGJCOJPH_01137	119.179588	58.229298	63.126705
NGJCOJPH_01138	290.428101	141.898651	153.833130
NGJCOJPH_01139	1262.587524	616.880676	668.763733
NGJCOJPH_01140	139.646103	68.228920	73.967346
NGJCOJPH_01141	44.141243	21.566727	23.380608
NGJCOJPH_01142	155.264557	75.859848	82.240089
NGJCOJPH_01143	321.383118	157.022797	170.229279
NGJCOJPH_01144	162.763687	79.523811	86.212204
NGJCOJPH_01145	230.671051	112.702301	122.181190
NGJCOJPH_01146	328.949310	160.719528	174.236938
NGJCOJPH_01147	376.620361	184.010864	199.487198
NGJCOJPH_01148	697.471802	340.773895	369.434875
NGJCOJPH_01149	219.783493	107.382805	116.414291
NGJCOJPH_01150	205.374420	100.342758	108.782135
NGJCOJPH_01151	413.488770	202.024200	219.015549
NGJCOJPH_01152	108.767860	53.142288	57.611851
NGJCOJPH_01153	223.566498	109.231117	118.418060
NGJCOJPH_01154	66.367943	32.426346	35.153584
NGJCOJPH_01155	53.535465	26.156597	28.356512
NGJCOJPH_01156	208.461060	101.850838	110.417061
NGJCOJPH_01157	449.284454	219.513397	237.975708
NGJCOJPH_01158	170.877914	83.488297	90.510132
NGJCOJPH_01159	104.981094	51.292133	55.606087
NGJCOJPH_01160	103.930428	50.778793	55.049572
NGJCOJPH_01161	105.645866	51.616932	55.958199
NGJCOJPH_01162	292.642395	142.980530	155.005997
NGJCOJPH_01163	147.104553	71.873001	77.917923
NGJCOJPH_01164	371.677795	181.595993	196.869232
NGJCOJPH_01165	418.002289	204.229446	221.406265
NGJCOJPH_01166	186.588760	91.164368	98.831810
NGJCOJPH_01167	408.652771	199.661407	216.454025
NGJCOJPH_01168	385.328949	188.265747	204.099945
NGJCOJPH_01169	284.850586	139.173569	150.878845
NGJCOJPH_01170	77.852066	38.037312	41.236458
NGJCOJPH_01171	218.549088	106.779694	115.760460
NGJCOJPH_01172	68.006371	33.226856	36.021420
NGJCOJPH_01173	117.860596	57.584858	62.428062
NGJCOJPH_01174	84.221832	41.149479	44.610378
NGJCOJPH_01175	1809.163818	883.929382	958.272705
NGJCOJPH_01176	818.897827	400.100769	433.751465
NGJCOJPH_01177	1587.125488	775.444885	840.664124
NGJCOJPH_01178	916.942383	448.003815	485.683441
NGJCOJPH_01179	515.822998	252.023117	273.219666
NGJCOJPH_01180	179.051987	87.482025	94.839745
NGJCOJPH_01181	249.916016	122.105087	132.374802
NGJCOJPH_01182	342.514099	167.347076	181.421890
NGJCOJPH_01183	302.008057	147.556442	159.966766
NGJCOJPH_01184	353.333801	172.633408	187.152832
NGJCOJPH_01185	253.448166	123.830833	134.245697
NGJCOJPH_01186	268.021606	130.951202	141.964920
NGJCOJPH_01187	272.371857	133.076660	144.269150
NGJCOJPH_01188	327.560181	160.040817	173.501144
NGJCOJPH_01189	257.513062	125.816887	136.398773
NGJCOJPH_01190	266.372986	130.145706	141.091690
NGJCOJPH_01191	304.626648	148.835861	161.353775
NGJCOJPH_01192	127.644958	62.365345	67.610619
NGJCOJPH_01193	265.006989	129.478302	140.368149
NGJCOJPH_01194	220.233444	107.602646	116.652618
NGJCOJPH_01195	380.959686	186.130997	201.785629
NGJCOJPH_01196	69.362305	33.889343	36.739628
NGJCOJPH_01197	2516.187988	1229.370361	1332.767212
NGJCOJPH_01198	1145.610352	559.727417	606.803650
NGJCOJPH_01199	949.862732	464.088196	503.120575
NGJCOJPH_01200	1963.950806	959.555908	1040.259888
NGJCOJPH_01201	315.026276	153.916946	166.862213
NGJCOJPH_01202	95.824173	46.818203	50.755875
NGJCOJPH_01203	265.662018	129.798340	140.715103
NGJCOJPH_01204	326.683197	159.612335	173.036621
NGJCOJPH_01205	155.482956	75.966560	82.355774
NGJCOJPH_01206	205.018143	100.168678	108.593422
NGJCOJPH_01207	193.260315	94.423996	102.365578
NGJCOJPH_01208	348.693756	170.366364	184.695114
NGJCOJPH_01209	815.223145	398.305389	431.805084
NGJCOJPH_01210	182.921051	89.372391	96.889107
NGJCOJPH_01211	67.631042	33.043476	35.822617
NGJCOJPH_01212	117.507332	57.412258	62.240948
NGJCOJPH_01213	62.545471	30.558746	33.128906
NGJCOJPH_01214	35.254509	17.224806	18.673508
NGJCOJPH_01215	70.452248	34.421875	37.316944
NGJCOJPH_01216	140.030518	68.416740	74.170959
NGJCOJPH_01217	316.530121	154.651703	167.658768
NGJCOJPH_01218	119.367897	58.321301	63.226448
NGJCOJPH_01219	16.281857	7.955063	8.624127
NGJCOJPH_01220	79.483612	38.834457	42.100655
NGJCOJPH_01221	218.422379	106.717781	115.693344
NGJCOJPH_01222	635.062500	310.281677	336.378113
NGJCOJPH_01223	62.457367	30.515701	33.082241
NGJCOJPH_01224	101.929962	49.801395	53.989971
NGJCOJPH_01225	100.999405	49.346741	53.497078
NGJCOJPH_01226	199.092117	97.273315	105.454544
NGJCOJPH_01227	249.387985	121.847099	132.095123
NGJCOJPH_01228	167.810226	81.989471	88.885239
NGJCOJPH_01229	198.619797	97.042549	105.204361
NGJCOJPH_01230	192.652695	94.127113	102.043724
NGJCOJPH_01231	232.900558	113.791595	123.362106
NGJCOJPH_01232	382.428314	186.848541	202.563538
NGJCOJPH_01233	55.855556	27.290157	29.585411
NGJCOJPH_01234	159.717422	78.035454	84.598671
NGJCOJPH_01235	155.530823	75.989944	82.381119
NGJCOJPH_01236	72.250000	35.300228	38.269173
NGJCOJPH_01237	145.532532	71.104935	77.085251
NGJCOJPH_01238	266.624023	130.268356	141.224655
NGJCOJPH_01239	89.804848	43.877254	47.567577
NGJCOJPH_01240	70.335312	34.364742	37.255009
NGJCOJPH_01241	136.750381	66.814117	72.433556
NGJCOJPH_01242	80.891243	39.522205	42.846241
NGJCOJPH_01243	48.900692	23.892120	25.901579
NGJCOJPH_01244	36.337406	17.753893	19.247095
NGJCOJPH_01245	62.654297	30.611917	33.186550
NGJCOJPH_01246	70.832184	34.607506	37.518188
NGJCOJPH_01247	96.830147	47.309708	51.288715
NGJCOJPH_01248	29.877975	14.597915	15.825681
NGJCOJPH_01249	143.748444	70.233261	76.140266
NGJCOJPH_01250	269.741364	131.791443	142.875839
NGJCOJPH_01251	102.974426	50.311707	54.543198
NGJCOJPH_01252	261.056274	127.548042	138.275543
NGJCOJPH_01253	116.231392	56.788853	61.565113
NGJCOJPH_01254	246.337662	120.356758	130.479431
NGJCOJPH_01255	342.772003	167.473068	181.558502
NGJCOJPH_01256	298.057190	145.626129	157.874084
NGJCOJPH_01257	280.813324	137.201035	148.740387
NGJCOJPH_01258	239.132309	116.836334	126.662918
NGJCOJPH_01259	956.441406	467.302429	506.605164
NGJCOJPH_01260	911.135437	445.166626	482.607605
NGJCOJPH_01261	558.834778	273.037994	296.001984
NGJCOJPH_01262	166.949921	81.569138	88.429558
NGJCOJPH_01263	177.434402	86.691689	93.982948
NGJCOJPH_01264	417.735596	204.099136	221.264999
NGJCOJPH_01265	131.552170	64.274345	69.680176
NGJCOJPH_01266	282.439636	137.995621	149.601822
NGJCOJPH_01267	459.443512	224.476959	243.356735
NGJCOJPH_01268	94.981186	46.406334	50.309364
NGJCOJPH_01269	161.305664	78.811440	85.439926
NGJCOJPH_01270	109.803131	53.648109	58.160206
NGJCOJPH_01271	104.252396	50.936104	55.220108
NGJCOJPH_01272	72.060066	35.207432	38.168568
NGJCOJPH_01273	129.664749	63.352180	68.680458
NGJCOJPH_01274	102.698532	50.176910	54.397068
NGJCOJPH_01275	265.891571	129.910492	140.836685
NGJCOJPH_01276	56.452286	27.581711	29.901485
NGJCOJPH_01277	63.317993	30.936188	33.538094
NGJCOJPH_01278	101.495865	49.589306	53.760040
NGJCOJPH_01279	110.986198	54.226135	58.786854
NGJCOJPH_01280	3786.134766	1849.846680	2005.429077
NGJCOJPH_01281	12205.833008	5963.580566	6465.150879
NGJCOJPH_01282	670.936401	327.809113	355.379669
NGJCOJPH_01283	2727.773193	1332.747681	1444.839111
NGJCOJPH_01284	470.898468	230.073685	249.424149
NGJCOJPH_01285	2955.753174	1444.135132	1565.594971
NGJCOJPH_01286	325.321655	158.947113	172.315445
NGJCOJPH_01287	52.155235	25.482239	27.625437
NGJCOJPH_01288	238.009094	116.287544	126.067978
NGJCOJPH_01289	346.362030	169.227112	183.460037
NGJCOJPH_01290	178.850891	87.383766	94.733231
NGJCOJPH_01291	54.142242	26.453060	28.677910
NGJCOJPH_01292	63.434303	30.993015	33.599701
NGJCOJPH_01293	236.310104	115.457451	125.168068
NGJCOJPH_01294	584.687561	285.669250	309.695648
NGJCOJPH_01295	208.160980	101.704224	110.258110
NGJCOJPH_01296	127.764961	62.423977	67.674179
NGJCOJPH_01297	210.681076	102.935501	111.592949
NGJCOJPH_01298	209.574295	102.394753	111.006714
NGJCOJPH_01299	218.653931	106.830917	115.815994
NGJCOJPH_01300	145.041672	70.865112	76.825256
NGJCOJPH_01301	58.094326	28.383986	30.771238
NGJCOJPH_01302	770.160034	376.288269	407.936188
NGJCOJPH_01303	27.861111	13.612506	14.757393
NGJCOJPH_01304	96.627075	47.210487	51.181152
NGJCOJPH_01305	551.203796	269.309601	291.960052
NGJCOJPH_01306	143.336136	70.031807	75.921875
NGJCOJPH_01307	40.514915	19.794960	21.459826
NGJCOJPH_01308	322.050354	157.348801	170.582718
NGJCOJPH_01309	157.857132	77.126549	83.613319
NGJCOJPH_01310	639.585083	312.491364	338.773590
NGJCOJPH_01311	216.059296	105.563217	114.441673
NGJCOJPH_01312	221.371460	108.158661	117.255402
NGJCOJPH_01313	564.165283	275.642395	298.825470
NGJCOJPH_01314	263.458649	128.721802	139.548035
NGJCOJPH_01315	691702.312500	337955.031250	366378.906250
NGJCOJPH_01316	125.425285	61.280849	66.434906
NGJCOJPH_01317	276.430969	135.059891	146.419174
NGJCOJPH_01318	125.422852	61.279659	66.433617
NGJCOJPH_01319	180.638275	88.257057	95.679962
NGJCOJPH_01320	279.908783	136.759079	148.261276
NGJCOJPH_01321	3514.920654	1717.335693	1861.773193
NGJCOJPH_01322	375.255829	183.344177	198.764450
NGJCOJPH_01323	351.466675	171.721161	186.163879
NGJCOJPH_01324	704.942444	344.423950	373.391907
NGJCOJPH_01325	220.177261	107.575195	116.622864
NGJCOJPH_01326	133.505371	65.228653	70.714745
NGJCOJPH_01327	86.811592	42.414795	45.982117
NGJCOJPH_01328	30.777164	15.037245	16.301960
NGJCOJPH_01329	509.178955	248.776947	269.700439
NGJCOJPH_01330	1827.511719	892.893860	967.991150
NGJCOJPH_01331	158.033340	77.212639	83.706650
NGJCOJPH_01332	165.775131	80.995155	87.807304
NGJCOJPH_01333	80.186012	39.177643	42.472702
NGJCOJPH_01334	938.449646	458.511932	497.075348
NGJCOJPH_01335	2041.373413	997.383362	1081.268799
NGJCOJPH_01336	2191.035645	1070.505981	1160.541504
NGJCOJPH_01337	478.182220	233.632401	253.282181
NGJCOJPH_01338	405.477264	198.109894	214.772049
NGJCOJPH_01339	396.072266	193.514755	209.790421
NGJCOJPH_01340	1922.149170	939.132202	1018.118469
NGJCOJPH_01341	163.212616	79.743156	86.449989
NGJCOJPH_01342	176.438889	86.205299	93.455650
NGJCOJPH_01343	314.563080	153.690628	166.616867
NGJCOJPH_01344	636.693237	311.078430	337.241852
NGJCOJPH_01345	733.655396	358.452637	388.600525
NGJCOJPH_01346	463.731628	226.572067	245.628036
NGJCOJPH_01347	669.617737	327.164825	354.681213
NGJCOJPH_01348	785.366943	383.718109	415.990906
NGJCOJPH_01349	173.942780	84.985748	92.133514
NGJCOJPH_01350	834.867371	407.903229	442.210175
NGJCOJPH_01351	229.446075	112.103790	121.532349
NGJCOJPH_01352	249.887146	122.090981	132.359512
NGJCOJPH_01353	512.654236	250.474915	271.541229
NGJCOJPH_01354	289.904785	141.642975	153.555954
NGJCOJPH_01355	276.344757	135.017761	146.373505
NGJCOJPH_01356	264.382843	129.173355	140.037552
NGJCOJPH_01357	342.226379	167.206497	181.269485
NGJCOJPH_01358	865.776184	423.004791	458.581848
NGJCOJPH_01359	694.185791	339.168427	367.694336
NGJCOJPH_01360	400.307739	195.584152	212.033859
NGJCOJPH_01361	1526.098877	745.628174	808.339661
NGJCOJPH_01362	482.895844	235.935425	255.778885
NGJCOJPH_01363	1985.429321	970.049988	1051.636597
NGJCOJPH_01364	750.200256	366.536194	397.363922
NGJCOJPH_01365	299.726990	146.441956	158.758530
NGJCOJPH_01366	170.400223	83.254906	90.257103
NGJCOJPH_01367	137.658112	67.257614	72.914352
NGJCOJPH_01368	297.644012	145.424240	157.655228
NGJCOJPH_01369	457.247833	223.404190	242.193726
NGJCOJPH_01370	195.725220	95.628304	103.671173
NGJCOJPH_01371	300.937531	147.033417	159.399734
NGJCOJPH_01372	211.293427	103.234688	111.917297
NGJCOJPH_01373	306.330200	149.668182	162.256104
NGJCOJPH_01374	416.234833	203.365875	220.470093
NGJCOJPH_01375	138.279480	67.561211	73.243477
NGJCOJPH_01376	177.792984	86.866898	94.172882
NGJCOJPH_01377	65.313423	31.911125	34.595028
NGJCOJPH_01378	66.483383	32.482750	35.214729
NGJCOJPH_01379	101.814728	49.745098	53.928936
NGJCOJPH_01380	428.966919	209.586578	227.213974
NGJCOJPH_01381	323.046448	157.835480	171.110306
NGJCOJPH_01382	509.699890	249.031448	269.976379
NGJCOJPH_01383	470.214325	229.739410	249.061783
NGJCOJPH_01384	441.649200	215.782944	233.931503
NGJCOJPH_01385	84.777985	41.421207	44.904961
NGJCOJPH_01386	166.526184	81.362114	88.205116
NGJCOJPH_01387	60.787308	29.699734	32.197647
NGJCOJPH_01388	130.305222	63.665108	69.019699
NGJCOJPH_01389	216.727081	105.889488	114.795387
NGJCOJPH_01390	430.190979	210.184647	227.862335
NGJCOJPH_01391	433.996185	212.043793	229.877869
NGJCOJPH_01392	136.550323	66.716370	72.327583
NGJCOJPH_01393	186.100616	90.925873	98.573250
NGJCOJPH_01394	173.797043	84.914543	92.056320
NGJCOJPH_01395	139.331497	68.075211	73.800713
NGJCOJPH_01396	235.719162	115.168724	124.855057
NGJCOJPH_01397	1060.325439	518.058533	561.630127
NGJCOJPH_01398	365.029144	178.347565	193.347595
NGJCOJPH_01399	407.048340	198.877502	215.604202
NGJCOJPH_01400	239.674271	117.101135	126.949982
NGJCOJPH_01401	376.629791	184.015472	199.492188
NGJCOJPH_01402	165.479065	80.850510	87.650482
NGJCOJPH_01403	176.834579	86.398628	93.665230
NGJCOJPH_01404	188.495193	92.095833	99.841599
NGJCOJPH_01405	47.256054	23.088575	25.030451
NGJCOJPH_01406	187.884583	91.797493	99.518166
NGJCOJPH_01407	338.959656	165.610428	179.539185
NGJCOJPH_01408	168.985352	82.563614	89.507675
NGJCOJPH_01409	282.521729	138.035736	149.645309
NGJCOJPH_01410	73.632996	35.975941	39.001713
NGJCOJPH_01411	100.299301	49.004681	53.126247
NGJCOJPH_01412	209.575226	102.395203	111.007210
NGJCOJPH_01413	66.398987	32.441513	35.170025
NGJCOJPH_01414	1333.272705	651.416321	706.204102
NGJCOJPH_01415	840.495300	410.652954	445.191162
NGJCOJPH_01416	282.320343	137.937332	149.538635
NGJCOJPH_01417	72.065475	35.210072	38.171432
NGJCOJPH_01418	441.655304	215.785919	233.934723
NGJCOJPH_01419	338.533081	165.402008	179.313232
NGJCOJPH_01420	301.074585	147.100372	159.472336
NGJCOJPH_01421	101.171898	49.431019	53.588440
NGJCOJPH_01422	111.220718	54.340717	58.911072
NGJCOJPH_01423	96.068008	46.937340	50.885029
NGJCOJPH_01424	59.566402	29.103220	31.550962
NGJCOJPH_01425	126.332573	61.724136	66.915482
NGJCOJPH_01426	2828.424316	1381.924316	1498.151611
NGJCOJPH_01427	7000.785156	3420.475098	3708.156006
NGJCOJPH_01428	14799.899414	7231.000977	7839.168457
NGJCOJPH_01429	19642.650391	9597.094727	10404.262695
NGJCOJPH_01430	878.096863	429.024506	465.107819
NGJCOJPH_01431	429.254425	209.727036	227.366257
NGJCOJPH_01432	135.177780	66.045769	71.600578
NGJCOJPH_01433	2613.295410	1276.815552	1384.202881
NGJCOJPH_01434	427.482422	208.861267	226.427673
NGJCOJPH_01435	5737.277832	2803.145020	3038.905029
NGJCOJPH_01436	3059.916748	1495.027832	1620.767944
NGJCOJPH_01437	229.205811	111.986397	121.405075
NGJCOJPH_01438	163.052750	79.665039	86.365318
NGJCOJPH_01439	229.073547	111.921783	121.335022
NGJCOJPH_01440	197.927353	96.704231	104.837601
NGJCOJPH_01441	115.459503	56.411724	61.156261
NGJCOJPH_01442	390.252930	190.671524	206.708054
NGJCOJPH_01443	4967.822266	2427.200928	2631.342041
NGJCOJPH_01444	1343.587891	656.456177	711.667786
NGJCOJPH_01445	910.723145	444.965179	482.389221
NGJCOJPH_01446	201.407806	98.404732	106.681114
NGJCOJPH_01447	51.099808	24.966574	27.066401
NGJCOJPH_01448	244.183441	119.304237	129.338394
NGJCOJPH_01449	183.579483	89.694084	97.237862
NGJCOJPH_01450	99.989731	48.853432	52.962273
NGJCOJPH_01451	189.348633	92.512802	100.293648
NGJCOJPH_01452	392.914917	191.972137	208.118042
NGJCOJPH_01453	319.500000	156.102737	169.231842
NGJCOJPH_01454	206.790176	101.034470	109.532028
NGJCOJPH_01455	80.847603	39.500885	42.823128
NGJCOJPH_01456	201.899048	98.644745	106.941307
NGJCOJPH_01457	331.868927	162.146011	175.783386
NGJCOJPH_01458	428.520203	209.368332	226.977356
NGJCOJPH_01459	311.147278	152.021729	164.807602
NGJCOJPH_01460	192.728394	94.164108	102.083832
NGJCOJPH_01461	260.867706	127.455910	138.175659
NGJCOJPH_01462	212.648117	103.896568	112.634842
NGJCOJPH_01463	70.831993	34.607414	37.518089
NGJCOJPH_01464	111.876968	54.661350	59.258675
NGJCOJPH_01465	367.226440	179.421143	194.511444
NGJCOJPH_01466	110.604790	54.039783	58.584831
NGJCOJPH_01467	87.007637	42.510578	46.085957
NGJCOJPH_01468	122.876335	60.035473	65.084785
NGJCOJPH_01469	131.698532	64.345856	69.757706
NGJCOJPH_01470	154.819611	75.642456	82.004410
NGJCOJPH_01471	157.948471	77.171173	83.661690
NGJCOJPH_01472	305.445557	149.235962	161.787537
NGJCOJPH_01473	166.364853	81.283287	88.119659
NGJCOJPH_01474	5435.216797	2655.562500	2878.910156
NGJCOJPH_01475	3881.654297	1896.515991	2056.023438
NGJCOJPH_01476	849.263184	414.936829	449.835297
NGJCOJPH_01477	6783.370605	3314.249756	3592.996582
NGJCOJPH_01478	49.272728	24.073891	26.098639
NGJCOJPH_01479	311.182037	152.038712	164.826019
NGJCOJPH_01480	92.044235	44.971386	48.753727
NGJCOJPH_01481	122.104164	59.658199	64.675789
NGJCOJPH_01482	308.674408	150.813522	163.497772
NGJCOJPH_01483	314.877197	153.844101	166.783249
NGJCOJPH_01484	280.555603	137.075119	148.603897
NGJCOJPH_01485	449.307037	219.524445	237.987671
NGJCOJPH_01486	302.047760	147.575851	159.987808
NGJCOJPH_01487	682.534485	333.475769	361.522919
NGJCOJPH_01488	364.168762	177.927216	192.891876
NGJCOJPH_01489	430.796417	210.480438	228.183014
NGJCOJPH_01490	259.115112	126.599617	137.247360
NGJCOJPH_01491	161.146515	78.733688	85.355621
NGJCOJPH_01492	163.193466	79.733795	86.439850
NGJCOJPH_01493	82.170349	40.147156	43.523758
NGJCOJPH_01494	68.620918	33.527115	36.346931
NGJCOJPH_01495	153.511063	75.003128	81.311295
NGJCOJPH_01496	443.580658	216.726624	234.954544
NGJCOJPH_01497	237.232452	115.908096	125.656609
NGJCOJPH_01498	143.591660	70.156654	76.057220
NGJCOJPH_01499	975.086121	476.411926	516.480835
NGJCOJPH_01500	863.849365	422.063385	457.561249
NGJCOJPH_01501	769.201111	375.819702	407.428223
NGJCOJPH_01502	583.708923	285.191101	309.177277
NGJCOJPH_01503	308.447540	150.702682	163.377625
NGJCOJPH_01504	1589.988892	776.843933	842.180786
NGJCOJPH_01505	169.589569	82.858833	89.827721
NGJCOJPH_01506	127.350578	62.221516	67.454689
NGJCOJPH_01507	298.398010	145.792648	158.054611
NGJCOJPH_01508	122.378174	59.792076	64.820923
NGJCOJPH_01509	478.010376	233.548447	253.191162
NGJCOJPH_01510	197.625671	96.556839	104.677795
NGJCOJPH_01511	131.382645	64.191521	69.590385
NGJCOJPH_01512	106.501289	52.034878	56.411297
NGJCOJPH_01513	35.297749	17.245932	18.696411
NGJCOJPH_01514	181.813431	88.831223	96.302414
NGJCOJPH_01515	270.701080	132.260345	143.384186
NGJCOJPH_01516	325.914490	159.236771	172.629456
NGJCOJPH_01517	73.535835	35.928467	38.950249
NGJCOJPH_01518	28.256306	13.805593	14.966720
NGJCOJPH_01519	83.155540	40.628506	44.045589
NGJCOJPH_01520	1762.514160	861.137085	933.563477
NGJCOJPH_01521	1047.273804	511.681732	554.716980
NGJCOJPH_01522	137.495880	67.178360	72.828430
NGJCOJPH_01523	634.972961	310.237915	336.330688
NGJCOJPH_01524	283.823273	138.671646	150.334702
NGJCOJPH_01525	227.310486	111.060379	120.401169
NGJCOJPH_01526	96.239761	47.021255	50.976002
NGJCOJPH_01527	170.299896	83.205887	90.203964
NGJCOJPH_01528	88.269440	43.127079	46.754307
NGJCOJPH_01529	111.705261	54.577457	59.167725
NGJCOJPH_01530	134.815384	65.868706	71.408623
NGJCOJPH_01531	126.936340	62.019127	67.235283
NGJCOJPH_01532	152.479416	74.499077	80.764854
NGJCOJPH_01533	267.306976	130.602036	141.586395
NGJCOJPH_01534	337.480408	164.887695	178.755661
NGJCOJPH_01535	133.592056	65.271004	70.760658
NGJCOJPH_01536	342.408234	167.295349	181.365814
NGJCOJPH_01537	73.683571	36.000652	39.028503
NGJCOJPH_01538	150.822998	73.689774	79.887489
NGJCOJPH_01539	180.340347	88.111496	95.522163
NGJCOJPH_01540	89.858147	43.903297	47.595806
NGJCOJPH_01541	130.873032	63.942532	69.320457
NGJCOJPH_01542	276.301971	134.996857	146.350845
NGJCOJPH_01543	137.469589	67.165512	72.814499
NGJCOJPH_01544	395.450043	193.210754	209.460846
NGJCOJPH_01545	243.518921	118.979561	128.986404
NGJCOJPH_01546	90.274788	44.106861	47.816490
NGJCOJPH_01547	139.341049	68.079880	73.805771
NGJCOJPH_01548	221.001923	107.978111	117.059669
NGJCOJPH_01549	135.083008	65.999458	71.550385
NGJCOJPH_01550	625.482605	305.601074	331.303864
NGJCOJPH_01551	225.228790	110.043289	119.298538
NGJCOJPH_01552	147.447479	72.040550	78.099556
NGJCOJPH_01553	121.635185	59.429062	64.427376
NGJCOJPH_01554	107.312035	52.430996	56.840733
NGJCOJPH_01555	333.175903	162.784576	176.475662
NGJCOJPH_01556	325.766174	159.164307	172.550903
NGJCOJPH_01557	131.227661	64.115799	69.508293
NGJCOJPH_01558	206.548569	100.916428	109.404060
NGJCOJPH_01559	139.483368	68.149406	73.881149
NGJCOJPH_01560	82.250755	40.186440	43.566345
NGJCOJPH_01561	171.373703	83.730537	90.772728
